words,0,1,2,3,4
presumably,0.0909140493614,0.272723967092,0.0909140493614,9.09049588655e-06,0.545438843689
stop,0.230768047383,0.0769278104688,0.0769278104688,0.0769278104688,0.538448521211
paired,0.0869589791526,0.130436294863,0.130436294863,0.130436294863,0.521732136258
indicators,0.142859183601,0.2142852041,0.0714331631013,0.0714331631013,0.499989286097
exception,0.142859183601,0.0714331631013,0.2142852041,0.0714331631013,0.499989286097
computable,0.166668055498,0.0833381942419,0.0833381942419,0.166668055498,0.499987500521
locally,0.173913610574,0.0869589791526,4.34773157105e-06,0.260868241995,0.478254820547
markets,0.066671110963,0.2,0.133335555481,0.133335555481,0.466657778074
identifying,0.230768047383,0.153847928926,0.0769278104688,0.0769278104688,0.461528402754
empirically,0.0769278104688,0.0769278104688,0.0769278104688,0.30768816584,0.461528402754
caused,0.230768047383,0.230768047383,0.0769278104688,7.6920118457e-06,0.461528402754
adler,0.230768047383,7.6920118457e-06,7.6920118457e-06,0.30768816584,0.461528402754
esti,0.181818595032,0.136365082612,0.0909115701916,0.136365082612,0.454539669553
dobra,0.0909140493614,0.0909140493614,0.272723967092,0.0909140493614,0.454533884823
actuaries,0.272723967092,0.181819008227,0.0909140493614,9.09049588655e-06,0.454533884823
residence,0.0909140493614,0.272723967092,0.0909140493614,0.0909140493614,0.454533884823
jean,0.0909140493614,0.0909140493614,9.09049588655e-06,0.363628925958,0.454533884823
simpler,0.181819008227,9.09049588655e-06,0.181819008227,0.181819008227,0.454533884823
configuration,0.272723967092,0.0909140493614,9.09049588655e-06,0.181819008227,0.454533884823
generation,0.0909140493614,0.0909140493614,0.0909140493614,0.272723967092,0.454533884823
calculating,0.0555595677898,0.277775617344,0.166667592567,0.0555595677898,0.44443765451
aim,0.111113580178,0.166667592567,0.166667592567,0.111113580178,0.44443765451
explain,0.160000799984,0.279998400032,0.040003199936,0.080002399952,0.439995200096
differs,0.160000799984,0.160000799984,0.160000799984,0.080002399952,0.439995200096
iron,0.0625042967407,0.312496484485,0.0625042967407,0.125002343677,0.437492578357
unobserved,0.187500390613,0.0625042967407,0.249998437549,0.0625042967407,0.437492578357
dead,0.0625042967407,0.187500390613,0.187500390613,0.125002343677,0.437492578357
directions,0.142859183601,0.2142852041,7.14260204993e-06,0.2142852041,0.428563265598
evaluations,0.142859183601,0.142859183601,0.142859183601,0.142859183601,0.428563265598
guess,0.142859183601,0.142859183601,0.142859183601,0.142859183601,0.428563265598
sql,0.0714331631013,0.2142852041,0.142859183601,0.142859183601,0.428563265598
teaching,0.2142852041,0.142859183601,0.0714331631013,0.142859183601,0.428563265598
configurations,0.2142852041,0.142859183601,0.0714331631013,0.142859183601,0.428563265598
glmms,7.14260204993e-06,0.2142852041,0.142859183601,0.2142852041,0.428563265598
panel,0.157895844846,5.26301939423e-06,0.210526038788,0.210526038788,0.421046814558
fnp,0.0833381942419,0.416657639265,0.0833381942419,8.33298612558e-06,0.416657639265
century,8.33298612558e-06,0.166668055498,0.333327778009,0.0833381942419,0.416657639265
supplied,8.33298612558e-06,0.166668055498,0.333327778009,0.0833381942419,0.416657639265
doubly,0.333327778009,0.166668055498,0.0833381942419,8.33298612558e-06,0.416657639265
chains,0.0833381942419,0.249997916753,0.0833381942419,0.166668055498,0.416657639265
generic,0.166668055498,0.166668055498,0.0833381942419,0.166668055498,0.416657639265
reveal,8.33298612558e-06,0.166668055498,0.249997916753,0.166668055498,0.416657639265
block,0.12820604864,0.12820604864,0.256409533211,0.0769246548121,0.410253714696
multinomial,0.2,0.080002399952,0.239999200016,0.080002399952,0.39999600008
priced,0.040003199936,0.2,0.120001599968,0.239999200016,0.39999600008
scott,0.266664444519,0.066671110963,0.133335555481,0.133335555481,0.399993333556
attempts,0.266664444519,0.2,0.066671110963,0.066671110963,0.399993333556
knows,0.066671110963,0.333328889037,6.66644445185e-06,0.2,0.399993333556
manufacturers,0.2,0.133335555481,0.066671110963,0.2,0.399993333556
hamilton,0.142858163247,0.178571811218,0.142858163247,0.142858163247,0.392853699041
whitetop,0.142858163247,0.214285459188,0.0714308673059,0.178571811218,0.392853699041
formed,0.0869589791526,0.260868241995,0.0869589791526,0.173913610574,0.391300189126
insurance,0.173913610574,0.173913610574,0.130436294863,0.130436294863,0.391300189126
offers,0.166667592567,0.277775617344,0.0555595677898,0.111113580178,0.388883642121
phenomenon,0.333329629733,5.55540123885e-06,0.111113580178,0.166667592567,0.388883642121
counting,0.222221604955,0.111113580178,0.111113580178,0.166667592567,0.388883642121
nonnull,0.388883642121,0.111113580178,5.55540123885e-06,0.111113580178,0.388883642121
integrated,0.269229437895,0.115386242572,0.153847041403,0.0769254437415,0.384611834388
scaled,0.153847928926,0.384608284297,7.6920118457e-06,0.0769278104688,0.384608284297
summarize,0.153847928926,0.230768047383,0.0769278104688,0.153847928926,0.384608284297
english,0.153847928926,0.0769278104688,0.230768047383,0.153847928926,0.384608284297
macmillan,0.0769278104688,7.6920118457e-06,0.230768047383,0.30768816584,0.384608284297
fdp,0.0769278104688,0.30768816584,0.153847928926,0.0769278104688,0.384608284297
reject,0.230768047383,7.6920118457e-06,7.6920118457e-06,0.384608284297,0.384608284297
appearing,0.0769278104688,0.0769278104688,0.230768047383,0.230768047383,0.384608284297
summation,0.153847928926,0.0769278104688,0.230768047383,0.153847928926,0.384608284297
letters,0.230768047383,0.0769278104688,0.0769278104688,0.230768047383,0.384608284297
albany,0.0769278104688,0.230768047383,0.153847928926,0.153847928926,0.384608284297
assigned,0.190476303854,0.142857823121,0.142857823121,0.142857823121,0.380950226783
incidence,0.190476417228,0.238094331087,0.142858503369,0.0476226756506,0.380948072665
leonard,0.142858503369,0.190476417228,4.76179138592e-06,0.285712244947,0.380948072665
rules,0.166667013885,0.187500130207,0.145833897564,0.125000781242,0.374998177102
developments,0.0833357638383,0.249998958355,0.249998958355,0.0416699652091,0.374996354243
conditionally,0.125001562467,0.166667361097,0.0416699652091,0.291664756984,0.374996354243
accommodate,0.125002343677,0.187500390613,0.249998437549,0.0625042967407,0.374994531421
composition,0.0625042967407,0.312496484485,0.125002343677,0.125002343677,0.374994531421
discussants,0.187500390613,0.312496484485,0.0625042967407,0.0625042967407,0.374994531421
cue,0.187500390613,0.187500390613,0.249998437549,6.2498046936e-06,0.374994531421
positively,0.125002343677,0.125002343677,0.187500390613,0.187500390613,0.374994531421
readers,0.14814910835,0.14814910835,0.14814910835,0.185185459529,0.370367215422
amse,0.259258161886,0.185185459529,0.0740764059925,0.111112757171,0.370367215422
occupations,0.210526038788,0.210526038788,0.0526354569617,0.157895844846,0.368416620615
explore,5.26301939423e-06,0.157895844846,0.263156232731,0.210526038788,0.368416620615
priori,0.210526038788,0.157895844846,0.157895844846,0.105265650904,0.368416620615
paid,0.157895844846,0.263156232731,0.105265650904,0.105265650904,0.368416620615
expects,0.105265650904,0.210526038788,0.105265650904,0.210526038788,0.368416620615
containing,0.12121331495,0.0909107437766,0.12121331495,0.303028741989,0.363633884335
transform,0.136365082612,0.136365082612,0.272725619872,0.0909115701916,0.363632644713
asked,0.363632644713,0.0909115701916,0.0909115701916,0.0909115701916,0.363632644713
identification,0.227272107452,0.227272107452,0.0909115701916,0.0909115701916,0.363632644713
ontario,0.136365082612,0.136365082612,0.136365082612,0.227272107452,0.363632644713
thorough,9.09049588655e-06,0.0909140493614,0.454533884823,0.0909140493614,0.363628925958
equipment,0.363628925958,9.09049588655e-06,0.181819008227,0.0909140493614,0.363628925958
spain,0.0909140493614,0.363628925958,0.0909140493614,0.0909140493614,0.363628925958
emphasize,0.454533884823,0.0909140493614,9.09049588655e-06,0.0909140493614,0.363628925958
substitutions,0.181819008227,9.09049588655e-06,0.0909140493614,0.363628925958,0.363628925958
water,0.0909140493614,9.09049588655e-06,0.363628925958,0.181819008227,0.363628925958
black,9.09049588655e-06,0.0909140493614,0.363628925958,0.181819008227,0.363628925958
treating,0.272723967092,0.363628925958,9.09049588655e-06,9.09049588655e-06,0.363628925958
kao,0.0909140493614,9.09049588655e-06,0.272723967092,0.272723967092,0.363628925958
theoretically,0.0909140493614,0.0909140493614,0.272723967092,0.181819008227,0.363628925958
integers,0.0909140493614,0.272723967092,0.0909140493614,0.181819008227,0.363628925958
serial,0.181819008227,0.181819008227,0.181819008227,0.0909140493614,0.363628925958
quadrature,0.181819008227,0.181819008227,0.181819008227,0.0909140493614,0.363628925958
guessing,0.181819008227,0.181819008227,0.181819008227,0.0909140493614,0.363628925958
faced,9.09049588655e-06,0.272723967092,0.272723967092,0.0909140493614,0.363628925958
lexington,0.0909140493614,9.09049588655e-06,0.272723967092,0.272723967092,0.363628925958
specifications,0.194444521604,0.222221913585,0.138889737643,0.0833349536812,0.361108873488
training,0.2,0.080002399952,0.160000799984,0.2,0.359996800064
computational,0.187500097655,0.187500097655,0.140625463864,0.125000585933,0.359373754893
accepted,0.0714308673059,0.3214264031,0.142858163247,0.107144515277,0.357140051071
walter,0.142858163247,0.107144515277,0.178571811218,0.214285459188,0.357140051071
image,0.2142852041,0.285711224599,0.142859183601,7.14260204993e-06,0.357137245098
jensen,0.0714331631013,0.285711224599,0.0714331631013,0.2142852041,0.357137245098
representations,0.285711224599,0.0714331631013,0.142859183601,0.142859183601,0.357137245098
analytically,0.142859183601,0.0714331631013,0.0714331631013,0.357137245098,0.357137245098
tor,0.142859183601,0.357137245098,0.142859183601,7.14260204993e-06,0.357137245098
apart,0.2142852041,0.2142852041,0.0714331631013,0.142859183601,0.357137245098
nonsingular,0.142859183601,0.2142852041,0.2142852041,0.0714331631013,0.357137245098
ranges,0.2142852041,0.0714331631013,0.2142852041,0.142859183601,0.357137245098
outside,0.266665925934,0.177778024689,0.133334074066,0.0666681481317,0.35555382718
want,0.129033402687,0.322578668086,0.0967758584539,0.0967758584539,0.354836212319
asymmetric,0.117647664355,0.205882309689,0.176470761244,0.1470592128,0.352940051911
electric,0.117649480898,0.0588276815388,0.0588276815388,0.411758477692,0.352936678333
describing,0.176471280256,0.294114878974,0.0588276815388,0.117649480898,0.352936678333
verified,0.176471280256,0.0588276815388,0.235293079615,0.176471280256,0.352936678333
induction,0.176471280256,0.176471280256,0.117649480898,0.176471280256,0.352936678333
sis,0.150000624992,0.125000937488,0.175000312496,0.2,0.349998125023
sequences,0.2,0.0500037499063,0.100002499938,0.299997500062,0.349996250094
ever,0.150001249969,0.2,0.150001249969,0.150001249969,0.349996250094
reached,0.0500037499063,4.99987500312e-06,0.449993750156,0.150001249969,0.349996250094
supply,0.2,0.150001249969,0.2,0.100002499938,0.349996250094
language,0.0869589791526,0.217390926284,0.173913610574,0.173913610574,0.347822873416
user,0.260868241995,0.173913610574,0.0434816634421,0.173913610574,0.347822873416
device,0.0769254437415,0.153847041403,0.269229437895,0.153847041403,0.346151035557
presence,0.153847041403,0.153847041403,0.192307840234,0.153847041403,0.346151035557
check,0.034485612317,0.241378596921,0.137932104619,0.241378596921,0.344825089223
currently,0.17241426872,0.137932104619,0.20689643282,0.137932104619,0.344825089223
observational,0.105264404416,0.105264404416,0.210526177287,0.236841620505,0.342103393376
surveys,0.160714636476,0.249999553575,0.107143686217,0.142857653057,0.339284470674
books,0.187500130207,0.125000781242,0.10416766492,0.249999479172,0.333331944459
combined,0.153846745555,0.205128139383,0.102565351726,0.205128139383,0.333331623954
run,0.111112345662,0.138889737643,0.194444521604,0.222221913585,0.333331481507
pennsylvania,0.194444521604,0.277776697546,0.166667129623,0.0277801697199,0.333331481507
columbia,0.151515886123,0.181818457296,0.151515886123,0.181818457296,0.333331313162
accounting,0.151515886123,0.12121331495,0.242423599642,0.151515886123,0.333331313162
discusses,0.2,0.233332777787,0.166667222213,0.0666688888519,0.333331111148
substituting,0.100001666639,0.100001666639,0.2,0.266665555574,0.333331111148
solving,0.14814910835,0.185185459529,0.222221810707,0.111112757171,0.333330864243
yji,0.222221810707,0.0740764059925,0.185185459529,0.185185459529,0.333330864243
adding,0.208333159726,0.208333159726,0.0416699652091,0.208333159726,0.333330555613
thought,0.208333159726,0.166667361097,0.0416699652091,0.249998958355,0.333330555613
envelope,0.0416699652091,0.125001562467,0.208333159726,0.291664756984,0.333330555613
zeger,0.125001562467,0.166667361097,0.166667361097,0.208333159726,0.333330555613
smoothed,0.125001562467,0.166667361097,0.249998958355,0.125001562467,0.333330555613
tabulations,0.142858503369,0.0476226756506,0.190476417228,0.285712244947,0.333330158806
beran,0.0952405895098,0.0476226756506,0.333330158806,0.190476417228,0.333330158806
marcel,0.238094331087,0.285712244947,0.0952405895098,0.0476226756506,0.333330158806
nelson,0.238094331087,0.238094331087,0.142858503369,0.0476226756506,0.333330158806
biostatistics,0.142858503369,0.0476226756506,0.238094331087,0.238094331087,0.333330158806
replacement,0.190476417228,0.190476417228,0.0476226756506,0.238094331087,0.333330158806
western,0.190476417228,0.190476417228,0.142858503369,0.142858503369,0.333330158806
continued,0.238094331087,0.285712244947,4.76179138592e-06,0.142858503369,0.333330158806
expert,0.142858503369,0.0476226756506,0.0952405895098,0.380948072665,0.333330158806
kedem,0.0952405895098,0.142858503369,0.142858503369,0.285712244947,0.333330158806
schedule,0.0555595677898,0.222221604955,0.222221604955,0.166667592567,0.333329629733
adjust,0.166667592567,0.222221604955,0.111113580178,0.166667592567,0.333329629733
destination,0.166667592567,5.55540123885e-06,0.277775617344,0.222221604955,0.333329629733
editorial,0.111113580178,0.222221604955,0.222221604955,0.111113580178,0.333329629733
resulted,0.222221604955,0.222221604955,5.55540123885e-06,0.222221604955,0.333329629733
tool,0.222221604955,0.111113580178,0.166667592567,0.166667592567,0.333329629733
audience,0.222221604955,0.222221604955,0.111113580178,0.111113580178,0.333329629733
rand,0.111113580178,0.222221604955,0.222221604955,0.111113580178,0.333329629733
preferable,0.111113580178,0.111113580178,0.111113580178,0.333329629733,0.333329629733
stratified,0.0555595677898,0.166667592567,0.111113580178,0.333329629733,0.333329629733
executive,0.266664444519,0.133335555481,0.2,0.066671110963,0.333328889037
ages,0.133335555481,0.399993333556,0.133335555481,6.66644445185e-06,0.333328889037
sampled,0.266664444519,0.066671110963,0.066671110963,0.266664444519,0.333328889037
mining,0.133335555481,0.2,0.2,0.133335555481,0.333328889037
contributed,0.066671110963,0.2,0.2,0.2,0.333328889037
begins,0.133335555481,0.2,0.133335555481,0.2,0.333328889037
buffalo,0.133335555481,0.066671110963,0.2,0.266664444519,0.333328889037
exi,0.066671110963,0.2,0.133335555481,0.266664444519,0.333328889037
unnecessary,8.33298612558e-06,0.333327778009,0.166668055498,0.166668055498,0.333327778009
dropped,0.249997916753,8.33298612558e-06,0.0833381942419,0.333327778009,0.333327778009
lottery,0.0833381942419,0.333327778009,0.0833381942419,0.166668055498,0.333327778009
induced,0.0833381942419,0.0833381942419,0.333327778009,0.166668055498,0.333327778009
realized,0.0833381942419,0.333327778009,0.0833381942419,0.166668055498,0.333327778009
combinatorial,8.33298612558e-06,0.333327778009,0.249997916753,0.0833381942419,0.333327778009
maintain,0.333327778009,0.0833381942419,0.166668055498,0.0833381942419,0.333327778009
house,0.333327778009,0.0833381942419,0.166668055498,0.0833381942419,0.333327778009
clause,0.0833381942419,0.0833381942419,0.166668055498,0.333327778009,0.333327778009
something,0.333327778009,0.0833381942419,0.166668055498,0.0833381942419,0.333327778009
norm,8.33298612558e-06,0.499987500521,0.166668055498,8.33298612558e-06,0.333327778009
minimal,8.33298612558e-06,0.333327778009,0.166668055498,0.166668055498,0.333327778009
nonrandomized,0.0833381942419,0.249997916753,0.249997916753,0.0833381942419,0.333327778009
psychological,0.0833381942419,0.166668055498,0.333327778009,0.0833381942419,0.333327778009
breast,0.249997916753,0.249997916753,0.0833381942419,0.0833381942419,0.333327778009
chipman,8.33298612558e-06,0.249997916753,0.333327778009,0.0833381942419,0.333327778009
kohn,0.166668055498,0.166668055498,0.249997916753,0.0833381942419,0.333327778009
mcc,0.249997916753,0.0833381942419,0.249997916753,0.0833381942419,0.333327778009
anything,8.33298612558e-06,8.33298612558e-06,0.499987500521,0.166668055498,0.333327778009
operational,0.166668055498,0.249997916753,0.0833381942419,0.166668055498,0.333327778009
imsl,0.0833381942419,0.166668055498,0.166668055498,0.249997916753,0.333327778009
formation,0.249997916753,0.249997916753,8.33298612558e-06,0.166668055498,0.333327778009
subgroups,0.166668055498,0.0833381942419,0.166668055498,0.249997916753,0.333327778009
maximize,0.0833381942419,0.166668055498,0.249997916753,0.166668055498,0.333327778009
pertinent,0.166668055498,0.166668055498,0.0833381942419,0.249997916753,0.333327778009
inherent,0.249997916753,0.166668055498,0.166668055498,0.0833381942419,0.333327778009
checks,0.166668055498,0.249997916753,0.0833381942419,0.166668055498,0.333327778009
dunnett,0.249997916753,0.166668055498,0.0833381942419,0.166668055498,0.333327778009
draw,0.244897501046,0.122449770921,0.163265680962,0.142857725942,0.326529321129
comprehensive,0.189189335279,0.135136011676,0.243242658883,0.108109349874,0.324322644289
recorded,0.147059602065,0.205882266437,0.117648269878,0.205882266437,0.323527595182
tiao,0.16129094692,0.129033402687,0.25806357962,0.129033402687,0.322578668086
statements,0.25806357962,0.193548491153,0.0322607699876,0.193548491153,0.322578668086
biometrics,0.0714297193775,0.178571619896,0.214285586736,0.214285586736,0.321427487255
solutions,0.125000669637,0.196428603316,0.142857653057,0.214285586736,0.321427487255
inst,0.285712755129,0.142858163247,0.142858163247,0.107144515277,0.3214264031
membership,0.107144515277,0.142858163247,0.214285459188,0.214285459188,0.3214264031
corporate,0.142858163247,0.214285459188,0.142858163247,0.178571811218,0.3214264031
job,0.2,0.2,0.120001599968,0.160000799984,0.319997600048
paragraph,0.120001599968,0.160000799984,0.160000799984,0.239999200016,0.319997600048
applies,0.160000799984,0.2,0.2,0.120001599968,0.319997600048
versions,0.239999200016,0.120001599968,0.2,0.120001599968,0.319997600048
significantly,0.181818595032,4.54535124202e-06,0.272725619872,0.227272107452,0.318179132292
hemoglobin,0.0909115701916,0.136365082612,0.227272107452,0.227272107452,0.318179132292
equivalently,0.136365082612,0.181818595032,0.0909115701916,0.272725619872,0.318179132292
frederick,0.227272107452,0.181818595032,0.0909115701916,0.181818595032,0.318179132292
varying,0.272725619872,0.0909115701916,0.136365082612,0.181818595032,0.318179132292
satisfying,0.121952171315,0.0975622248509,0.268291850099,0.195122010707,0.317071743028
inverse,0.121952171315,0.170732064243,0.0731722783868,0.317071743028,0.317071743028
supposed,0.263156232731,0.157895844846,0.157895844846,0.105265650904,0.315786426673
solved,0.210526038788,0.210526038788,0.0526354569617,0.210526038788,0.315786426673
interpolation,0.210526038788,0.157895844846,0.0526354569617,0.263156232731,0.315786426673
sociology,0.210526038788,0.210526038788,0.210526038788,0.0526354569617,0.315786426673
style,0.105265650904,0.210526038788,0.210526038788,0.157895844846,0.315786426673
substantive,0.157895844846,0.105265650904,0.210526038788,0.210526038788,0.315786426673
accounts,0.263156232731,0.210526038788,0.105265650904,0.105265650904,0.315786426673
hope,0.157895844846,0.0526354569617,0.315786426673,0.157895844846,0.315786426673
ties,0.166666975306,0.148148628253,0.222222016463,0.148148628253,0.314813751725
paperback,0.2,0.228571020414,0.085715918344,0.171428979586,0.314284081656
trends,0.196078469819,0.196078469819,0.137255517103,0.156863168008,0.313724375251
outliers,0.249999479172,0.187500130207,0.125000781242,0.125000781242,0.312498828137
gamma,0.125001171857,0.249999218762,0.156250683583,0.156250683583,0.312498242215
experts,0.249998437549,0.249998437549,0.0625042967407,0.125002343677,0.312496484485
theories,0.312496484485,0.249998437549,6.2498046936e-06,0.125002343677,0.312496484485
texts,0.125002343677,0.187500390613,0.249998437549,0.125002343677,0.312496484485
viewed,0.249998437549,0.0625042967407,0.187500390613,0.187500390613,0.312496484485
fifth,0.249998437549,0.187500390613,0.249998437549,6.2498046936e-06,0.312496484485
watson,0.187500390613,0.0625042967407,0.249998437549,0.187500390613,0.312496484485
dimensions,0.312496484485,0.125002343677,0.125002343677,0.125002343677,0.312496484485
distributional,0.249998437549,0.187500390613,0.187500390613,0.0625042967407,0.312496484485
unlike,0.187500390613,0.187500390613,0.249998437549,0.0625042967407,0.312496484485
trivial,0.312496484485,0.0625042967407,0.187500390613,0.125002343677,0.312496484485
became,0.374994531421,0.187500390613,0.0625042967407,0.0625042967407,0.312496484485
controlled,0.187500390613,0.125002343677,0.125002343677,0.249998437549,0.312496484485
leo,0.125002343677,0.125002343677,0.187500390613,0.249998437549,0.312496484485
dynamics,0.187500390613,0.187500390613,0.125002343677,0.187500390613,0.312496484485
thinking,0.187500390613,0.187500390613,0.125002343677,0.187500390613,0.312496484485
quandt,0.187500390613,0.125002343677,0.125002343677,0.249998437549,0.312496484485
person,0.103449940518,0.20689643282,0.17241426872,0.20689643282,0.310342925122
manufacturing,0.103449940518,0.275860761021,0.103449940518,0.20689643282,0.310342925122
regions,0.126761079147,0.211267526285,0.15492989486,0.197183118429,0.309858381279
generated,0.166666865078,0.119048100904,0.238095011339,0.166666865078,0.3095231576
designed,0.238094784586,0.0476208616564,0.190476303854,0.21428554422,0.309522505684
gross,0.184615502958,0.153846508873,0.169231005915,0.184615502958,0.307691479296
lqd,0.215384497042,0.153846508873,0.123077514788,0.2,0.307691479296
helpful,0.153846597629,0.134616013308,0.17307718195,0.230768934914,0.307691272199
moves,0.192307840234,0.230768639065,0.0769254437415,0.192307840234,0.307690236726
providing,0.192307840234,0.192307840234,0.153847041403,0.153847041403,0.307690236726
attained,0.384608284297,7.6920118457e-06,0.0769278104688,0.230768047383,0.30768816584
laborers,0.0769278104688,0.0769278104688,0.230768047383,0.30768816584,0.30768816584
locations,0.30768816584,7.6920118457e-06,0.230768047383,0.153847928926,0.30768816584
symbol,0.384608284297,0.153847928926,0.0769278104688,0.0769278104688,0.30768816584
sheps,0.0769278104688,0.153847928926,0.461528402754,7.6920118457e-06,0.30768816584
mosteller,0.384608284297,7.6920118457e-06,0.230768047383,0.0769278104688,0.30768816584
mapping,0.384608284297,0.230768047383,0.0769278104688,7.6920118457e-06,0.30768816584
contribute,0.230768047383,0.0769278104688,0.30768816584,0.0769278104688,0.30768816584
conceptual,0.0769278104688,0.0769278104688,0.0769278104688,0.461528402754,0.30768816584
viii,0.0769278104688,0.0769278104688,0.384608284297,0.153847928926,0.30768816584
females,0.153847928926,0.153847928926,0.30768816584,0.0769278104688,0.30768816584
weaker,0.0769278104688,0.153847928926,0.153847928926,0.30768816584,0.30768816584
spent,0.153847928926,0.0769278104688,0.153847928926,0.30768816584,0.30768816584
securities,0.230768047383,0.153847928926,0.0769278104688,0.230768047383,0.30768816584
learn,0.153847928926,0.230768047383,0.0769278104688,0.230768047383,0.30768816584
recreation,0.153847928926,0.153847928926,0.153847928926,0.230768047383,0.30768816584
repeatedly,0.153847928926,0.153847928926,0.230768047383,0.153847928926,0.30768816584
modest,0.153847928926,0.153847928926,0.230768047383,0.153847928926,0.30768816584
merits,0.230768047383,0.230768047383,0.153847928926,0.0769278104688,0.30768816584
hasselblad,0.153847928926,0.230768047383,0.230768047383,0.0769278104688,0.30768816584
experimenters,0.0769278104688,0.153847928926,0.153847928926,0.30768816584,0.30768816584
demonstrates,0.230768047383,0.230768047383,0.230768047383,7.6920118457e-06,0.30768816584
inf,0.142857725942,0.224489546025,0.1020418159,0.224489546025,0.306121366109
examinee,0.166667129623,0.138889737643,0.0833349536812,0.305554089527,0.305554089527
listed,0.0833349536812,0.305554089527,0.138889737643,0.166667129623,0.305554089527
survival,0.138889737643,0.138889737643,0.222221913585,0.194444521604,0.305554089527
receiving,0.249999305565,0.111112345662,0.222221913585,0.111112345662,0.305554089527
substantial,0.173913327029,0.152174432887,0.173913327029,0.195652221172,0.304346691884
regarded,0.217391115314,0.282607797741,0.0434799621743,0.152174432887,0.304346691884
coordinates,0.130436294863,0.130436294863,0.217390926284,0.217390926284,0.304345557705
retail,0.130436294863,0.173913610574,0.217390926284,0.173913610574,0.304345557705
fig,0.391300189126,0.173913610574,0.130436294863,4.34773157105e-06,0.304345557705
extensions,0.173913610574,0.173913610574,0.0869589791526,0.260868241995,0.304345557705
lehmann,0.0869589791526,0.304345557705,0.217390926284,0.0869589791526,0.304345557705
suggestions,0.0434816634421,0.391300189126,0.217390926284,0.0434816634421,0.304345557705
edu,0.130436294863,0.173913610574,0.130436294863,0.260868241995,0.304345557705
tree,0.258928308356,0.187500055803,0.142857397958,0.107143271682,0.303570966201
west,0.107143686217,0.160714636476,0.232142570156,0.196428603316,0.303570503835
output,0.212121028469,0.212121028469,0.12121331495,0.151515886123,0.303028741989
courses,0.272726170816,0.212121028469,0.12121331495,0.0909107437766,0.303028741989
regional,0.12121331495,0.181818457296,0.151515886123,0.242423599642,0.303028741989
effort,0.181818457296,0.181818457296,0.12121331495,0.212121028469,0.303028741989
reporting,0.116280043255,0.255813304496,0.186046673876,0.139535586796,0.302324391577
agricultural,0.302324391577,0.162791130336,0.0930244997151,0.139535586796,0.302324391577
lack,0.186046673876,0.232557760956,0.186046673876,0.0930244997151,0.302324391577
move,0.162791130336,0.139535586796,0.0930244997151,0.302324391577,0.302324391577
satisfied,0.2,0.150000624992,0.2,0.150000624992,0.299998750016
select,0.2,0.166667222213,0.2,0.133334444426,0.299998333361
ses,0.233332777787,0.166667222213,0.133334444426,0.166667222213,0.299998333361
contributions,0.133334444426,0.166667222213,0.233332777787,0.166667222213,0.299998333361
arthur,0.299997500062,0.0500037499063,0.150001249969,0.2,0.299997500062
regret,0.150001249969,0.249998750031,0.100002499938,0.2,0.299997500062
opposite,0.2,0.150001249969,0.150001249969,0.2,0.299997500062
conditioning,0.2,0.2,0.2,0.100002499938,0.299997500062
centers,0.0500037499063,0.150001249969,0.349996250094,0.150001249969,0.299997500062
concerns,0.2,0.150001249969,0.2,0.150001249969,0.299997500062
quickly,0.249998750031,0.150001249969,0.150001249969,0.150001249969,0.299997500062
handle,0.150001249969,0.249998750031,0.150001249969,0.150001249969,0.299997500062
compares,0.2,0.249998750031,0.100002499938,0.150001249969,0.299997500062
homogeneous,0.150001249969,0.249998750031,0.150001249969,0.150001249969,0.299997500062
contours,0.100002499938,0.249998750031,0.2,0.150001249969,0.299997500062
tendency,0.150001249969,0.249998750031,0.150001249969,0.150001249969,0.299997500062
schmid,0.249998750031,0.2,0.2,0.0500037499063,0.299997500062
environmental,0.0500037499063,0.2,0.2,0.249998750031,0.299997500062
algebraic,0.299997500062,0.2,0.2,4.99987500312e-06,0.299997500062
protein,0.100002499938,0.150001249969,0.150001249969,0.299997500062,0.299997500062
sense,0.259739871819,0.090909799287,0.181818299881,0.168831371225,0.298700657788
place,0.149254110044,0.164179371796,0.149254110044,0.238805680555,0.298506727562
median,0.179104633548,0.179104633548,0.11940358654,0.223880418803,0.298506727562
input,0.222221810707,0.0740764059925,0.111112757171,0.296294513065,0.296294513065
companies,0.14814910835,0.185185459529,0.259258161886,0.111112757171,0.296294513065
clusters,0.296294513065,0.14814910835,0.185185459529,0.0740764059925,0.296294513065
unemployed,0.249999431825,0.227272417359,0.0909103305644,0.136364359496,0.295453460756
bank,0.159091373962,0.11363734503,0.227272417359,0.204545402893,0.295453460756
inferences,0.117647866197,0.196078469819,0.215686120724,0.176470818914,0.294116724346
degroot,0.235293598624,0.176470934251,0.0882369376921,0.205882266437,0.294116262996
henry,0.147059602065,0.176470934251,0.176470934251,0.205882266437,0.294116262996
divided,0.323527595182,0.0588256055058,0.117648269878,0.205882266437,0.294116262996
products,0.205882266437,0.117648269878,0.235293598624,0.147059602065,0.294116262996
quarterly,0.117648269878,0.205882266437,0.205882266437,0.176470934251,0.294116262996
speed,0.235293079615,0.0588276815388,0.294114878974,0.117649480898,0.294114878974
ymis,0.235293079615,0.176471280256,0.176471280256,0.117649480898,0.294114878974
sharp,0.0588276815388,0.294114878974,0.235293079615,0.117649480898,0.294114878974
salvage,0.0588276815388,0.352936678333,0.176471280256,0.117649480898,0.294114878974
grants,0.117649480898,0.235293079615,0.117649480898,0.235293079615,0.294114878974
rejects,0.176471280256,0.235293079615,0.176471280256,0.117649480898,0.294114878974
accomplished,0.235293079615,0.117649480898,0.235293079615,0.117649480898,0.294114878974
ensure,0.117649480898,0.117649480898,0.294114878974,0.176471280256,0.294114878974
indexed,0.294114878974,0.0588276815388,0.176471280256,0.176471280256,0.294114878974
welfare,0.176471280256,0.176471280256,0.117649480898,0.235293079615,0.294114878974
agency,0.176471280256,0.176471280256,0.176471280256,0.176471280256,0.294114878974
ordered,0.123077514788,0.169231005915,0.215384497042,0.2,0.292306982254
allows,0.187500130207,0.187500130207,0.145833897564,0.187500130207,0.291665711816
apparently,0.208333159726,0.0833357638383,0.0833357638383,0.333330555613,0.291664756984
body,0.249998958355,0.166667361097,4.16657986292e-06,0.291664756984,0.291664756984
omission,0.291664756984,0.166667361097,0.0833357638383,0.166667361097,0.291664756984
third,0.213675155234,0.179487267148,0.170940295127,0.145299379062,0.290597903428
february,0.129033402687,0.0645183142207,0.322578668086,0.193548491153,0.290321123853
huang,0.193548491153,0.129033402687,0.129033402687,0.25806357962,0.290321123853
dealing,0.0645183142207,0.225806035387,0.16129094692,0.25806357962,0.290321123853
matrices,0.210526246538,0.131579397504,0.184210630193,0.184210630193,0.289473095572
beyond,0.105264404416,0.210526177287,0.105264404416,0.289472506941,0.289472506941
analyzed,0.210526177287,0.157895290851,0.157895290851,0.184210734069,0.289472506941
strategy,0.244443950623,0.133334074066,0.0888901234431,0.244443950623,0.288887901246
duration,0.111112098754,0.222221975311,0.2,0.177778024689,0.288887901246
fairly,0.177778024689,0.222221975311,0.155556049377,0.155556049377,0.288887901246
clear,0.153846375739,0.182692390902,0.249999759617,0.125000360575,0.288461113168
extent,0.115385428986,0.288460687878,0.153846597629,0.153846597629,0.288460687878
difficulty,0.192307766271,0.192307766271,0.211538350593,0.115385428986,0.288460687878
indicate,0.162500234374,0.2,0.212499921875,0.137500390623,0.287499453128
equivalent,0.175926037379,0.148148388202,0.175926037379,0.21296290295,0.28703663409
simulation,0.19047622287,0.17006812902,0.21768701467,0.13605463927,0.28571399417
absolute,0.142857551017,0.171428775509,0.2,0.2,0.285713673474
closed,0.253967825652,0.253967825652,0.0634931468798,0.142857596368,0.285713605448
community,0.142857725942,0.183673635983,0.224489546025,0.163265680962,0.285713411088
considerably,0.142857823121,0.190476303854,0.166667063487,0.21428554422,0.285713265318
fertility,0.2,0.028573877516,0.257142040828,0.228571020414,0.285713061242
contained,0.2,0.228571020414,0.142857959172,0.142857959172,0.285713061242
code,0.114286938758,0.2,0.228571020414,0.171428979586,0.285713061242
economical,0.257142040828,0.171428979586,0.257142040828,0.028573877516,0.285713061242
counties,0.249999107159,0.178571811218,0.178571811218,0.107144515277,0.285712755129
shape,0.178571811218,0.142858163247,0.214285459188,0.178571811218,0.285712755129
summaries,0.249999107159,0.142858163247,0.0714308673059,0.249999107159,0.285712755129
reml,0.214285459188,0.107144515277,0.142858163247,0.249999107159,0.285712755129
compartment,0.0952405895098,0.285712244947,0.0476226756506,0.285712244947,0.285712244947
iff,0.142858503369,0.0476226756506,0.333330158806,0.190476417228,0.285712244947
enter,0.0952405895098,0.285712244947,0.0952405895098,0.238094331087,0.285712244947
generalizations,0.190476417228,0.0952405895098,0.190476417228,0.238094331087,0.285712244947
ideal,0.0476226756506,0.380948072665,0.190476417228,0.0952405895098,0.285712244947
maximizes,0.142858503369,0.380948072665,0.142858503369,0.0476226756506,0.285712244947
additive,0.285712244947,0.142858503369,0.142858503369,0.142858503369,0.285712244947
concern,0.142859183601,0.285711224599,0.2142852041,0.0714331631013,0.285711224599
miss,0.2142852041,0.285711224599,0.2142852041,7.14260204993e-06,0.285711224599
kim,0.428563265598,0.142859183601,0.0714331631013,0.0714331631013,0.285711224599
broader,0.2142852041,0.285711224599,0.142859183601,0.0714331631013,0.285711224599
mcleod,0.142859183601,0.0714331631013,0.499989286097,7.14260204993e-06,0.285711224599
sort,0.142859183601,0.2142852041,0.0714331631013,0.285711224599,0.285711224599
elicitation,0.142859183601,0.285711224599,0.2142852041,0.0714331631013,0.285711224599
concluding,0.142859183601,0.142859183601,0.0714331631013,0.357137245098,0.285711224599
secretary,0.0714331631013,0.0714331631013,0.428563265598,0.142859183601,0.285711224599
expenditure,7.14260204993e-06,0.285711224599,0.142859183601,0.285711224599,0.285711224599
enumeration,0.0714331631013,0.357137245098,0.142859183601,0.142859183601,0.285711224599
settings,0.2142852041,0.285711224599,0.142859183601,0.0714331631013,0.285711224599
unobservable,0.2142852041,0.285711224599,0.0714331631013,0.142859183601,0.285711224599
orthonormal,0.2142852041,0.285711224599,0.142859183601,0.0714331631013,0.285711224599
constraint,0.0714331631013,0.357137245098,7.14260204993e-06,0.285711224599,0.285711224599
evidently,0.357137245098,0.142859183601,0.142859183601,0.0714331631013,0.285711224599
popular,0.285711224599,0.0714331631013,0.2142852041,0.142859183601,0.285711224599
efforts,0.142859183601,0.357137245098,0.142859183601,0.0714331631013,0.285711224599
policies,0.2142852041,0.142859183601,0.142859183601,0.2142852041,0.285711224599
fewer,0.2142852041,0.0714331631013,0.2142852041,0.2142852041,0.285711224599
face,0.142859183601,0.2142852041,0.142859183601,0.2142852041,0.285711224599
thresholds,0.142859183601,0.0714331631013,0.2142852041,0.285711224599,0.285711224599
simulations,0.149254110044,0.194029895299,0.164179371796,0.208955157051,0.28358146581
unique,0.233333055558,0.166666944442,0.100000833326,0.216666527779,0.283332638895
own,0.283018084735,0.169811605551,0.113208365959,0.15094385902,0.283018084735
people,0.173913327029,0.130435538744,0.260868903599,0.152174432887,0.282607797741
randomized,0.205128139383,0.0769246548121,0.12820604864,0.307690927039,0.282050230125
obtaining,0.0769246548121,0.102565351726,0.205128139383,0.333331623954,0.282050230125
systematic,0.153846745555,0.153846745555,0.205128139383,0.205128139383,0.282050230125
games,0.256409533211,0.205128139383,0.179487442469,0.0769246548121,0.282050230125
strike,0.205128139383,0.153846745555,0.179487442469,0.179487442469,0.282050230125
day,0.187500097655,0.187500097655,0.156250341794,0.187500097655,0.281249365239
detection,0.156250683583,0.281248730489,0.125001171857,0.156250683583,0.281248730489
discussions,0.249999218762,0.156250683583,0.156250683583,0.156250683583,0.281248730489
selecting,0.218749707036,0.125001171857,0.156250683583,0.218749707036,0.281248730489
discrimination,0.187500195309,0.187500195309,0.125001171857,0.218749707036,0.281248730489
variations,0.249999218762,0.0625021484039,0.218749707036,0.187500195309,0.281248730489
alternatives,0.218749707036,0.0937516601303,0.187500195309,0.218749707036,0.281248730489
specific,0.235954854186,0.17977539452,0.112360042921,0.191011286453,0.280898421919
service,0.134831826787,0.17977539452,0.202247178387,0.202247178387,0.280898421919
normally,0.160000399996,0.259999400006,0.180000199998,0.120000799992,0.279999200008
support,0.2,0.140000599994,0.2,0.180000199998,0.279999200008
trial,0.279999200008,0.120000799992,0.180000199998,0.140000599994,0.279999200008
monthly,0.120000799992,0.2,0.2,0.2,0.279999200008
fitted,0.259999400006,0.120000799992,0.2,0.140000599994,0.279999200008
clark,0.120001599968,0.239999200016,0.2,0.160000799984,0.279998400032
filtered,0.319997600048,0.080002399952,0.239999200016,0.080002399952,0.279998400032
sensitive,0.040003199936,0.279998400032,0.160000799984,0.239999200016,0.279998400032
updating,0.080002399952,0.120001599968,0.239999200016,0.279998400032,0.279998400032
experiment,0.194915275783,0.220338896869,0.14406803361,0.161017114334,0.279660679404
households,0.0930244997151,0.209302217416,0.209302217416,0.209302217416,0.279068848037
council,0.194444521604,0.277776697546,0.111112345662,0.138889737643,0.277776697546
fax,0.388883642121,0.0555595677898,0.111113580178,0.166667592567,0.277775617344
rochon,0.166667592567,0.111113580178,5.55540123885e-06,0.44443765451,0.277775617344
dennis,0.0555595677898,0.222221604955,0.166667592567,0.277775617344,0.277775617344
fractional,0.0555595677898,0.333329629733,0.166667592567,0.166667592567,0.277775617344
justified,0.277775617344,0.222221604955,0.166667592567,0.0555595677898,0.277775617344
responsible,0.111113580178,0.166667592567,0.333329629733,0.111113580178,0.277775617344
lawrence,0.166667592567,0.166667592567,0.222221604955,0.166667592567,0.277775617344
selective,0.166667592567,0.222221604955,0.222221604955,0.111113580178,0.277775617344
instantaneous,0.277775617344,0.111113580178,0.166667592567,0.166667592567,0.277775617344
contrasted,0.277775617344,0.277775617344,5.55540123885e-06,0.166667592567,0.277775617344
king,0.111113580178,0.277775617344,0.111113580178,0.222221604955,0.277775617344
allowing,0.111113580178,0.166667592567,0.333329629733,0.111113580178,0.277775617344
aggregates,0.111113580178,0.166667592567,0.222221604955,0.222221604955,0.277775617344
bibliography,0.222221604955,0.222221604955,0.0555595677898,0.222221604955,0.277775617344
rest,0.277775617344,0.0555595677898,0.166667592567,0.222221604955,0.277775617344
implied,0.222221604955,0.111113580178,0.166667592567,0.222221604955,0.277775617344
genes,0.222221604955,0.0555595677898,0.111113580178,0.333329629733,0.277775617344
identity,0.21276582164,0.0638312358379,0.276594929841,0.17021308284,0.276594929841
preliminary,0.17021308284,0.21276582164,0.0851076052382,0.255318560441,0.276594929841
reliable,0.241378596921,0.20689643282,0.20689643282,0.0689677764176,0.275860761021
places,0.241378596921,0.103449940518,0.241378596921,0.137932104619,0.275860761021
maximizing,0.241378596921,0.137932104619,0.17241426872,0.17241426872,0.275860761021
arises,0.20689643282,0.20689643282,0.20689643282,0.103449940518,0.275860761021
relations,0.17241426872,0.241378596921,0.17241426872,0.137932104619,0.275860761021
existing,0.275860761021,0.103449940518,0.137932104619,0.20689643282,0.275860761021
another,0.11811055862,0.220472360345,0.212598375597,0.173228451856,0.275590253582
daily,0.202898529721,0.159420583909,0.260869124137,0.101449989493,0.275361772741
occurs,0.2,0.0500018749766,0.249999375008,0.224999687504,0.274999062512
minimize,0.125000937488,0.224999687504,0.100001249984,0.274999062512,0.274999062512
