,0,1,2,3,4,5,6,7,8,9,10,11,12,13,14,15,16,17,18,19,20,21,22,23,24,25,26,27,28,29
0,0.0429593927468,0.0286396349416,0.0322195743929,0.0357995138442,0.0214797560391,0.0334128875434,0.0381861401451,0.0250596954904,0.0346062006938,0.0274463217912,0.0298329480921,0.0393794532955,0.0429593927468,0.0369928269947,0.0417660795964,0.0250596954904,0.0250596954904,0.0346062006938,0.0310262612425,0.0477326453485,0.0381861401451,0.0429593927468,0.0286396349416,0.0405727664459,0.0346062006938,0.0226730691895,0.0381861401451,0.0262530086408,0.0250596954904,0.0286396349416
1,0.0357142755102,0.0257143183672,0.0342857102041,0.0214286224488,0.0457142326533,0.0342857102041,0.0285714489795,0.0414285367348,0.0314285795918,0.0457142326533,0.0257143183672,0.0257143183672,0.032857144898,0.0257143183672,0.0414285367348,0.0300000142857,0.0242857530611,0.0285714489795,0.0371428408164,0.032857144898,0.0399999714287,0.0314285795918,0.0385714061225,0.0300000142857,0.032857144898,0.0471427979594,0.0314285795918,0.0485713632656,0.0271428836734,0.0242857530611
2,0.0344262241333,0.0377048965333,0.0426229051333,0.0180328621335,0.0295082155334,0.0377048965333,0.0213115345334,0.0442622413332,0.0442622413332,0.0327868879333,0.0409835689333,0.0393442327333,0.0196721983335,0.0229508707334,0.0360655603333,0.0180328621335,0.0180328621335,0.0295082155334,0.0377048965333,0.0377048965333,0.0344262241333,0.0311475517334,0.0409835689333,0.0327868879333,0.0311475517334,0.0327868879333,0.0377048965333,0.0360655603333,0.0475409137332,0.0327868879333
3,0.033482142525,0.0297619127338,0.033482142525,0.0327380965667,0.0305059586921,0.0357142803997,0.0230654991097,0.0327380965667,0.023809545068,0.0319940506085,0.0319940506085,0.0372023723161,0.0409226021073,0.023809545068,0.0342261884832,0.0372023723161,0.0342261884832,0.0438987859402,0.0364583263579,0.0372023723161,0.0327380965667,0.0252976369844,0.0342261884832,0.0372023723161,0.0327380965667,0.0349702344414,0.0327380965667,0.0394345101908,0.0372023723161,0.0290178667756
4,0.0329368720854,0.0329368720854,0.0237877663648,0.0375114249458,0.027447408653,0.0365965143737,0.0393412460899,0.041171067234,0.0356816038016,0.0329368720854,0.0365965143737,0.0329368720854,0.0347666932296,0.0320219615134,0.0219579452206,0.0375114249458,0.027447408653,0.0292772297972,0.027447408653,0.0329368720854,0.041171067234,0.0338517826575,0.0347666932296,0.0320219615134,0.0219579452206,0.0301921403692,0.0365965143737,0.0375114249458,0.0420859778061,0.0365965143737
5,0.030612258781,0.030612258781,0.0323129303762,0.030612258781,0.0323129303762,0.0340136019714,0.0204082292097,0.0510203179235,0.0391156167571,0.0238095724001,0.0357142735666,0.0204082292097,0.0425169599475,0.0204082292097,0.0340136019714,0.0408162883523,0.0323129303762,0.0374149451618,0.0187075576145,0.0391156167571,0.0221089008049,0.0374149451618,0.0357142735666,0.0357142735666,0.0442176315427,0.0323129303762,0.0425169599475,0.0272109155906,0.0391156167571,0.0374149451618
6,0.0200730652934,0.0328467179924,0.0328467179924,0.0255474878787,0.0328467179924,0.0547444083335,0.0456203706914,0.0237226803503,0.0364963330493,0.043795563163,0.0273722954071,0.0346715255208,0.0255474878787,0.0346715255208,0.0364963330493,0.0346715255208,0.0328467179924,0.0255474878787,0.0328467179924,0.0255474878787,0.0273722954071,0.031021910464,0.0291971029356,0.0383211405777,0.031021910464,0.0419707556345,0.0291971029356,0.0273722954071,0.0510947932767,0.0346715255208
7,0.0297619068878,0.0353174591364,0.0339285710743,0.0329365081727,0.0335317459136,0.0351190465561,0.036309522038,0.0301587320484,0.0357142842971,0.0299603194681,0.0343253962349,0.0351190465561,0.0373015849395,0.0333333333333,0.0323412704318,0.0349206339758,0.0335317459136,0.0378968226805,0.0317460326909,0.0333333333333,0.0291666691468,0.0323412704318,0.0380952352608,0.0315476201105,0.0281746062453,0.0315476201105,0.0335317459136,0.0309523823696,0.0333333333333,0.0347222213955
8,0.0491328109872,0.0346820692306,0.0346820692306,0.0462426626359,0.0375722175819,0.0404623659332,0.0375722175819,0.0260116241767,0.028901772528,0.0115608824201,0.0317919208793,0.0549131076898,0.0404623659332,0.0404623659332,0.0462426626359,0.0115608824201,0.0317919208793,0.0260116241767,0.0231214758254,0.0260116241767,0.020231327474,0.0231214758254,0.0549131076898,0.0346820692306,0.0173411791227,0.0231214758254,0.0375722175819,0.0433525142846,0.0346820692306,0.0317919208793
9,0.0363391534085,0.0242261471353,0.0228802575494,0.0417227117522,0.0228802575494,0.0323014846508,0.0323014846508,0.0282638158931,0.0430686013381,0.0269179263072,0.0323014846508,0.0336473742367,0.0282638158931,0.0403768221663,0.0269179263072,0.0417227117522,0.0497980492676,0.0349932638226,0.0376850429944,0.0390309325804,0.0309555950649,0.0228802575494,0.0336473742367,0.0309555950649,0.0282638158931,0.0255720367213,0.0430686013381,0.0390309325804,0.0282638158931,0.0417227117522
10,0.0138896990403,0.0555546296682,0.0416663194589,0.0555546296682,0.0972195602961,0.0138896990403,0.0416663194589,0.0138896990403,0.0416663194589,0.0277780092496,0.0555546296682,0.0416663194589,0.0694429398775,0.0277780092496,0.0555546296682,0.0416663194589,0.0138896990403,1.38883102093e-06,0.0277780092496,0.0138896990403,0.0555546296682,0.0416663194589,0.0555546296682,0.0277780092496,0.0138896990403,0.0277780092496,0.0138896990403,1.38883102093e-06,0.0138896990403,1.38883102093e-06
11,0.0241546558841,0.0386473044881,0.0314009801861,0.0362318630541,0.0362318630541,0.0265700973181,0.0338164216201,0.0483090702241,0.0483090702241,0.0289855387521,0.0217392144501,0.0362318630541,0.0265700973181,0.0289855387521,0.0458936287901,0.0314009801861,0.0386473044881,0.0338164216201,0.0314009801861,0.0265700973181,0.0314009801861,0.0362318630541,0.0362318630541,0.0265700973181,0.0338164216201,0.0217392144501,0.0289855387521,0.0555553945261,0.0289855387521,0.0265700973181
12,0.0276753080703,0.0332103327841,0.038745357498,0.0442803822119,0.0350553410221,0.0332103327841,0.0295203163082,0.0369003492601,0.038745357498,0.0461253904499,0.0258302998323,0.0239852915943,0.0295203163082,0.0239852915943,0.0184502668804,0.0239852915943,0.0276753080703,0.0350553410221,0.0369003492601,0.0461253904499,0.0184502668804,0.038745357498,0.0350553410221,0.040590365736,0.0313653245462,0.0350553410221,0.0258302998323,0.0424353739739,0.0369003492601,0.040590365736
13,0.0349650178495,0.0349650178495,0.0209791505684,0.0349650178495,0.0314685510292,0.0209791505684,0.0279720842089,0.0349650178495,0.0489508851306,0.0209791505684,0.0314685510292,0.0244756173886,0.0104897501075,0.0314685510292,0.066433219232,0.0489508851306,0.0384614846697,0.0139862169278,0.0384614846697,0.0349650178495,0.0349650178495,0.0384614846697,0.0489508851306,0.0314685510292,0.0279720842089,0.0524473519509,0.0209791505684,0.0279720842089,0.0384614846697,0.0279720842089
14,0.0352941089966,0.026470618512,0.0338235272491,0.0441175994812,0.036764690744,0.0382352724914,0.0338235272491,0.036764690744,0.0308823637543,0.0279412002594,0.0411764359863,0.036764690744,0.0382352724914,0.0426470177337,0.0308823637543,0.0308823637543,0.0279412002594,0.0323529455017,0.036764690744,0.0220588732697,0.0176471280274,0.0308823637543,0.0308823637543,0.036764690744,0.026470618512,0.0338235272491,0.0338235272491,0.0323529455017,0.0338235272491,0.0397058542389
15,0.0357142729593,0.0321428635204,0.0339285682398,0.0285714540815,0.0285714540815,0.0446427965564,0.0339285682398,0.0410713871176,0.0267857493621,0.0464285012759,0.0357142729593,0.0374999776787,0.0285714540815,0.0303571588009,0.0196429304843,0.0357142729593,0.0482142059953,0.0285714540815,0.0339285682398,0.0321428635204,0.0285714540815,0.0232143399232,0.0285714540815,0.0267857493621,0.0357142729593,0.0392856823981,0.0374999776787,0.0482142059953,0.0232143399232,0.0267857493621
16,0.0397236532077,0.0379965397281,0.034542312769,0.0293609723303,0.0354058695088,0.0297927507002,0.0328151992895,0.0367012046185,0.0315198641798,0.0319516425497,0.0354058695088,0.0354058695088,0.0272020804809,0.0397236532077,0.0375647613583,0.0280656372207,0.0315198641798,0.0315198641798,0.0397236532077,0.0293609723303,0.038428318098,0.0293609723303,0.0310880858099,0.026770302111,0.0332469776594,0.0297927507002,0.0401554315776,0.0280656372207,0.0392918748378,0.0284974155906
17,0.0179105858754,0.0358208732459,0.0179105858754,0.0208956337704,0.0328358253508,0.0358208732459,0.0358208732459,0.0358208732459,0.0417909690361,0.0328358253508,0.0417909690361,0.0328358253508,0.0268657295606,0.0268657295606,0.0298507774557,0.0417909690361,0.0328358253508,0.0149255379803,0.0447760169312,0.0298507774557,0.0358208732459,0.0597012564067,0.0298507774557,0.0268657295606,0.0298507774557,0.0208956337704,0.038805921141,0.0477610648263,0.0417909690361,0.038805921141
18,0.0180033485924,0.0343698803443,0.0425531462202,0.0261866144683,0.0458264525706,0.0261866144683,0.0196400017676,0.0392798398699,0.0294599208187,0.0425531462202,0.0343698803443,0.0425531462202,0.0458264525706,0.0261866144683,0.0294599208187,0.0425531462202,0.0425531462202,0.0310965739939,0.0343698803443,0.0261866144683,0.0196400017676,0.0327332271691,0.0196400017676,0.0327332271691,0.040916493045,0.0392798398699,0.0245499612932,0.0425531462202,0.0376431866947,0.0310965739939
19,0.0197531870134,0.0469134796532,0.0296296570643,0.0345678920897,0.0395061271151,0.032098774577,0.0246914220388,0.0345678920897,0.0222223045261,0.0345678920897,0.0271605395516,0.0271605395516,0.0493825971659,0.0370370096024,0.0395061271151,0.0296296570643,0.0345678920897,0.0246914220388,0.0395061271151,0.0345678920897,0.0419752446278,0.0444443621405,0.0395061271151,0.0345678920897,0.0246914220388,0.0222223045261,0.0345678920897,0.032098774577,0.0296296570643,0.0345678920897
20,0.0330578526057,0.0347107369716,0.0347107369716,0.0314049682398,0.0363636213374,0.0247934307764,0.0479338118985,0.0330578526057,0.0314049682398,0.0231405464105,0.0363636213374,0.0347107369716,0.0347107369716,0.0396693900691,0.029752083874,0.0330578526057,0.0314049682398,0.0181818933129,0.029752083874,0.029752083874,0.0462809275326,0.0264463151422,0.0380165057033,0.0429751588009,0.0462809275326,0.0396693900691,0.0214876620447,0.0330578526057,0.029752083874,0.0280991995081
21,0.03282208636,0.0407975391434,0.0294478563363,0.0346625754639,0.0392637982235,0.0285276117844,0.0368098127517,0.0319018418081,0.0343558272799,0.0319018418081,0.033742330912,0.0319018418081,0.0358895681998,0.0355828200158,0.0297546045203,0.0297546045203,0.0325153381761,0.0355828200158,0.0358895681998,0.0340490790959,0.0322085899921,0.033742330912,0.0426380282472,0.0315950936241,0.0325153381761,0.0325153381761,0.0309815972562,0.03282208636,0.0303681008883,0.0254601299447
22,0.0335820867677,0.0410446897982,0.037313388283,0.0298507852524,0.0149255791913,0.037313388283,0.0522385943441,0.0298507852524,0.0335820867677,0.0522385943441,0.0223881822218,0.0410446897982,0.0410446897982,0.0186568807066,0.0298507852524,0.0559698958594,0.037313388283,0.0261194837371,0.0410446897982,0.0298507852524,0.0223881822218,0.0335820867677,0.037313388283,0.0447759913135,0.0298507852524,0.0223881822218,0.0335820867677,0.0223881822218,0.0261194837371,0.0223881822218
23,0.0363475137223,0.0354609900785,0.0359042519004,0.033244680969,0.0243794445309,0.0372340373661,0.0363475137223,0.0243794445309,0.032801419147,0.0359042519004,0.033244680969,0.0336879427909,0.033244680969,0.0296985863937,0.0323581573251,0.0345744664347,0.0319148955032,0.0323581573251,0.0274822772842,0.0345744664347,0.0385638228318,0.0372340373661,0.037677299188,0.0296985863937,0.0363475137223,0.0305851100375,0.0336879427909,0.0310283718594,0.0354609900785,0.0345744664347
24,0.0313757086668,0.0337892185296,0.0394207415429,0.024939682366,0.0386162382553,0.0370072316801,0.028962198804,0.028962198804,0.032984715242,0.032984715242,0.0281576955164,0.0394207415429,0.0345937218172,0.0378117349677,0.032984715242,0.0378117349677,0.0337892185296,0.0386162382553,0.0402252448305,0.0281576955164,0.0370072316801,0.0305712053792,0.0273531922288,0.0265486889412,0.0394207415429,0.0305712053792,0.0305712053792,0.0337892185296,0.0386162382553,0.024939682366
25,0.0348258686216,0.0339213017802,0.0248756333664,0.0330167349388,0.0275893338905,0.0420624033527,0.0293984675733,0.0375395691458,0.0275893338905,0.035730435463,0.0348258686216,0.0443238204561,0.0275893338905,0.0370872857251,0.0289461841526,0.0366350023044,0.0316598846768,0.0379918525665,0.0339213017802,0.0271370504699,0.0370872857251,0.035730435463,0.0257802002078,0.0398009862492,0.0398009862492,0.0307553178354,0.0352781520423,0.0275893338905,0.0388964194078,0.0226142162629
26,0.0319488950585,0.0351437526158,0.0191694648294,0.0479231828449,0.0447283252876,0.0319488950585,0.0383386101731,0.025559179944,0.0287540375012,0.0287540375012,0.0287540375012,0.0319488950585,0.0383386101731,0.0351437526158,0.025559179944,0.0479231828449,0.0319488950585,0.0383386101731,0.0287540375012,0.0159746072721,0.0479231828449,0.025559179944,0.0223643223867,0.0511180404022,0.0319488950585,0.0223643223867,0.0351437526158,0.025559179944,0.0351437526158,0.0479231828449
27,0.0477526874774,0.0224720016404,0.0646064780353,0.0280899318264,0.0280899318264,0.0224720016404,0.0337078620124,0.0196630365474,0.0393257921984,0.0280899318264,0.0337078620124,0.0337078620124,0.0337078620124,0.0421347572914,0.0365168271054,0.0308988969194,0.0393257921984,0.0308988969194,0.0252809667334,0.0365168271054,0.0337078620124,0.0393257921984,0.0280899318264,0.0252809667334,0.0196630365474,0.0421347572914,0.0337078620124,0.0449437223844,0.0280899318264,0.0280899318264
28,0.0276338662335,0.0302245330971,0.0405872005513,0.0414507561725,0.0423143117937,0.0293609774759,0.0302245330971,0.0233160881276,0.0362694224454,0.0250431993699,0.0354058668242,0.0328151999606,0.034542311203,0.0319516443394,0.0302245330971,0.0388600893089,0.0302245330971,0.0354058668242,0.0362694224454,0.0388600893089,0.0284974218547,0.0267703106123,0.0284974218547,0.0423143117937,0.0379965336877,0.0362694224454,0.0362694224454,0.0250431993699,0.0293609774759,0.0379965336877
29,0.0265604519504,0.0212483881206,0.034528547695,0.0504647391843,0.0424966434397,0.0305444998227,0.0385125955673,0.0398406115248,0.0292164838653,0.0305444998227,0.0398406115248,0.0332005317376,0.0292164838653,0.0398406115248,0.034528547695,0.0292164838653,0.025232435993,0.0332005317376,0.034528547695,0.0239044200355,0.0358565636525,0.0451526753545,0.0358565636525,0.0451526753545,0.025232435993,0.0305444998227,0.0239044200355,0.0305444998227,0.034528547695,0.0265604519504
30,0.043477599287,0.043477599287,0.0217398865291,0.0217398865291,0.0869530248027,2.17377127579e-06,0.043477599287,2.17377127579e-06,2.17377127579e-06,0.043477599287,0.043477599287,0.043477599287,0.0217398865291,2.17377127579e-06,0.0217398865291,0.0217398865291,0.0652153120449,0.0217398865291,2.17377127579e-06,0.043477599287,0.043477599287,0.0217398865291,0.043477599287,0.043477599287,0.0869530248027,0.043477599287,2.17377127579e-06,0.0217398865291,0.043477599287,0.0652153120449
31,0.064864353551,0.0540537180478,0.0162164937866,0.037837764793,0.0216218115382,0.0324324470414,0.0486484002962,0.0270271292898,0.0162164937866,0.0540537180478,0.0486484002962,0.0432430825446,0.0162164937866,0.0270271292898,0.0216218115382,0.0756749890542,0.0270271292898,0.0162164937866,0.064864353551,0.0216218115382,0.0270271292898,0.0270271292898,0.0270271292898,0.0162164937866,0.0324324470414,0.010811176035,0.0270271292898,0.037837764793,0.0270271292898,0.0324324470414
32,0.033962260591,0.0471697330015,0.032075478818,0.0301886970451,0.0264151334992,0.033962260591,0.0415093876827,0.0566036418662,0.0415093876827,0.0207547881804,0.0301886970451,0.0188680064075,0.0377358241368,0.0396226059098,0.0433961694556,0.0245283517263,0.0283019152722,0.0377358241368,0.0301886970451,0.0188680064075,0.0377358241368,0.033962260591,0.033962260591,0.0358490423639,0.0150944428616,0.032075478818,0.033962260591,0.0301886970451,0.0377358241368,0.0358490423639
33,0.0358592641558,0.0331529097032,0.0317997324769,0.0345060869295,0.0230040805059,0.0297699666374,0.0365358527689,0.0263870235717,0.0290933780243,0.03247632109,0.0345060869295,0.0358592641558,0.0338294983163,0.0439783275135,0.0345060869295,0.0297699666374,0.0311231438637,0.0304465552506,0.0290933780243,0.0372124413821,0.0372124413821,0.0311231438637,0.0345060869295,0.0345060869295,0.03247632109,0.0378890299952,0.0311231438637,0.0351826755426,0.0331529097032,0.0399187958346
34,0.0251798854441,0.0335731406242,0.0419663958043,0.0263789218984,0.0371702499871,0.0371702499871,0.0455635051672,0.0323741041699,0.0383692864414,0.0383692864414,0.0359712135328,0.0371702499871,0.0311750677156,0.0383692864414,0.0371702499871,0.0239808489898,0.0311750677156,0.0251798854441,0.0335731406242,0.0359712135328,0.0311750677156,0.0323741041699,0.0167866302639,0.0359712135328,0.028776994807,0.0239808489898,0.0371702499871,0.0263789218984,0.0467625416216,0.0347721770785
35,0.0377355998717,0.0566024564647,1.8866856593e-06,0.0377355998717,0.0188687432787,0.113203026244,0.0566024564647,0.0377355998717,0.0188687432787,0.0188687432787,1.8866856593e-06,1.8866856593e-06,0.0754693130578,0.0377355998717,0.0188687432787,0.0188687432787,0.0188687432787,0.0754693130578,0.0377355998717,0.0377355998717,0.0188687432787,1.8866856593e-06,0.0188687432787,0.0188687432787,0.0566024564647,0.0188687432787,0.0188687432787,0.0566024564647,0.0377355998717,0.0377355998717
36,0.0335781739299,0.0321790848068,0.02903113428,0.0293809065608,0.0353270353336,0.0395243027027,0.0251836391917,0.0307799956838,0.0388247581412,0.0314795402453,0.0384749858605,0.0360265798952,0.0300804511223,0.0402238472642,0.0307799956838,0.0332284016491,0.0300804511223,0.0297306788415,0.0374256690182,0.0349772630529,0.0363763521759,0.0398740749835,0.0381252135797,0.02903113428,0.0293809065608,0.0318293125261,0.0356768076144,0.0297306788415,0.0325288570876,0.0311297679646
37,0.0143888980813,0.0143888980813,0.0791357021071,0.0143888980813,0.0575534340985,0.0431652554261,0.0287770767537,0.0575534340985,0.0359711660899,0.0143888980813,0.0143888980813,0.0431652554261,0.00719480874513,0.0503593447623,0.0431652554261,0.0431652554261,0.0431652554261,0.0287770767537,0.0143888980813,0.0359711660899,0.0287770767537,0.00719480874513,0.0287770767537,0.0359711660899,0.0647475234347,0.0215829874175,0.0215829874175,0.0431652554261,0.0359711660899,0.0287770767537
38,0.0245023376615,0.036753429923,0.0321592703249,0.036753429923,0.0382848164557,0.0290964972596,0.0290964972596,0.0398162029883,0.0336906568576,0.0428789760537,0.0290964972596,0.0321592703249,0.0275651107269,0.0290964972596,0.0336906568576,0.0444103625864,0.0352220433903,0.0306278837923,0.0444103625864,0.0398162029883,0.036753429923,0.0275651107269,0.0275651107269,0.0229709511289,0.0275651107269,0.0245023376615,0.0352220433903,0.0321592703249,0.036753429923,0.0398162029883
39,0.0179643479458,0.0299401807153,0.0239522643306,0.0419160134848,0.059879762639,0.0299401807153,0.059879762639,0.0359280971001,0.0239522643306,0.0538918462543,0.0179643479458,0.0359280971001,0.0419160134848,0.0419160134848,0.0359280971001,0.0179643479458,0.0299401807153,0.0119764315611,0.0479039298695,0.00598851517637,0.0419160134848,0.0359280971001,0.0119764315611,0.0479039298695,0.0179643479458,0.0239522643306,0.0479039298695,0.0479039298695,0.0419160134848,0.0179643479458
40,0.0239234899993,0.0398723770062,0.0366825996048,0.0255183786999,0.0382774883055,0.0271132674006,0.0223286012986,0.0494417092103,0.0366825996048,0.0191388238972,0.0366825996048,0.0191388238972,0.0366825996048,0.0366825996048,0.0271132674006,0.0350877109041,0.0318979335027,0.0350877109041,0.0398723770062,0.0271132674006,0.030303044802,0.0382774883055,0.0494417092103,0.0271132674006,0.0462519318089,0.0223286012986,0.0478468205096,0.030303044802,0.0430621544076,0.0207337125979
41,0.0354787340377,0.0386627209488,0.0343415958552,0.0282010496695,0.0318398918536,0.0372981551298,0.029338187852,0.0291107602155,0.0336593129457,0.0277461943965,0.0347964511282,0.0325221747631,0.0338867405822,0.0352513064012,0.0359335893107,0.0366158722202,0.0336593129457,0.0300204707616,0.0320673194901,0.0334318853092,0.0345690234917,0.0329770300361,0.029338187852,0.0368432998567,0.0322947471266,0.0322947471266,0.0361610169472,0.0338867405822,0.0352513064012,0.0325221747631
42,0.0379146593745,0.0260664023715,0.0331753565733,0.0355450079739,0.023696750971,0.0450236135762,0.040284310775,0.0308057051727,0.0426539621756,0.023696750971,0.0284360537721,0.0379146593745,0.052132567778,0.0379146593745,0.0331753565733,0.0308057051727,0.0450236135762,0.023696750971,0.0331753565733,0.0284360537721,0.023696750971,0.023696750971,0.0308057051727,0.0260664023715,0.0379146593745,0.0355450079739,0.040284310775,0.0189574481698,0.0284360537721,0.0450236135762
43,0.0336662963378,0.035886049701,0.0318165018685,0.0314465429746,0.0325564196562,0.0340362552317,0.030336666293,0.0329263785501,0.0299667073991,0.0347761730194,0.0307066251869,0.0321864607623,0.0299667073991,0.0310765840807,0.0399555975336,0.030336666293,0.0336662963378,0.0314465429746,0.0336662963378,0.0355160908072,0.0281169129298,0.0355160908072,0.035886049701,0.0373658852765,0.0351461319133,0.0355160908072,0.0307066251869,0.0425453097906,0.0325564196562,0.0307066251869
44,0.0315126165171,0.0315126165171,0.0294117894215,0.0315126165171,0.0315126165171,0.0315126165171,0.0420167519953,0.0252101352302,0.0315126165171,0.0294117894215,0.0399159248996,0.0336134436128,0.0357142707084,0.0567225416647,0.021008481039,0.021008481039,0.0315126165171,0.0504200603778,0.0273109623259,0.0294117894215,0.0315126165171,0.0357142707084,0.0399159248996,0.0399159248996,0.0462184061865,0.037815097804,0.0315126165171,0.0252101352302,0.0252101352302,0.0252101352302
45,0.0488371011365,0.0279070146022,0.0418604056251,0.0372092752841,0.0255814494317,0.0488371011365,0.0255814494317,0.0372092752841,0.0279070146022,0.0209303190908,0.0418604056251,0.0348837101137,0.0302325797727,0.0279070146022,0.0395348404546,0.0558137966479,0.0279070146022,0.0279070146022,0.0302325797727,0.0348837101137,0.0302325797727,0.0232558842613,0.0348837101137,0.0209303190908,0.0372092752841,0.0348837101137,0.0302325797727,0.0279070146022,0.0325581449432,0.0348837101137
46,0.0213777574032,0.0380047173061,0.0356294373199,0.0451305572644,0.0403799972922,0.0380047173061,0.0213777574032,0.0332541573338,0.0356294373199,0.0356294373199,0.0356294373199,0.0356294373199,0.0237530373893,0.0451305572644,0.0380047173061,0.0332541573338,0.0380047173061,0.0356294373199,0.0285035973615,0.0237530373893,0.0261283173754,0.0451305572644,0.0380047173061,0.0380047173061,0.0237530373893,0.0213777574032,0.0380047173061,0.0380047173061,0.0142519174448,0.0356294373199
47,0.0387754935444,0.0336734683465,0.0285714431486,0.0377550885048,0.0346938733861,0.0265306330695,0.0357142784257,0.0367346834653,0.0265306330695,0.0316326582674,0.0346938733861,0.0326530633069,0.0336734683465,0.0255102280299,0.046938733861,0.0316326582674,0.0316326582674,0.0326530633069,0.0316326582674,0.0408163036236,0.0265306330695,0.0265306330695,0.0357142784257,0.0367346834653,0.0367346834653,0.0428571137027,0.0275510381091,0.0346938733861,0.0316326582674,0.0285714431486
48,0.0388768539297,0.0496759200264,0.0323974142716,0.0259179746136,0.0280777878329,0.0431964803684,0.0259179746136,0.0367170407103,0.0259179746136,0.034557227491,0.0280777878329,0.041036667149,0.0302376010523,0.034557227491,0.0323974142716,0.0280777878329,0.0302376010523,0.0259179746136,0.0323974142716,0.034557227491,0.0302376010523,0.0323974142716,0.0475161068071,0.034557227491,0.0367170407103,0.0323974142716,0.041036667149,0.0194385349555,0.0388768539297,0.0280777878329
49,0.0379854827331,0.0303030341831,0.0341442584581,0.0281690206969,0.0349978638525,0.0345710611553,0.0345710611553,0.0371318773386,0.0298762314858,0.0375586800358,0.0311566395775,0.0328638503664,0.0311566395775,0.0332906530636,0.0298762314858,0.0260350072108,0.0358514692469,0.0345710611553,0.0328638503664,0.0332906530636,0.0396926935219,0.0375586800358,0.0294494287886,0.0303030341831,0.0358514692469,0.0298762314858,0.0388390881275,0.0328638503664,0.0332906530636,0.0320102449719
50,0.0343053123226,0.041166340482,0.0257290271234,0.0343053123226,0.0240137700835,0.0222985130437,0.0566036538405,0.029159541203,0.0274442841632,0.029159541203,0.0274442841632,0.0394510834421,0.0325900552827,0.0325900552827,0.0394510834421,0.0325900552827,0.0274442841632,0.029159541203,0.0360205693624,0.029159541203,0.0343053123226,0.0394510834421,0.0480273686413,0.0308747982429,0.018867998964,0.0257290271234,0.0325900552827,0.0394510834421,0.0377358264023,0.0428815975218
51,0.0352112543808,0.0140846425964,0.0281690504527,0.0164320439058,0.0399060569996,0.0469482609277,0.0446008596184,0.042253458309,0.0281690504527,0.0446008596184,0.0258216491433,0.0281690504527,0.0234742478339,0.0352112543808,0.0492956622371,0.0258216491433,0.0305164517621,0.0211268465246,0.0305164517621,0.0375586556902,0.0258216491433,0.0140846425964,0.0399060569996,0.042253458309,0.0352112543808,0.0305164517621,0.0328638530715,0.0375586556902,0.0586852674746,0.0352112543808
52,0.0769210651816,0.030769349107,0.0615371598234,0.0615371598234,0.030769349107,0.0769210651816,0.030769349107,0.0153854437488,0.030769349107,0.0153854437488,0.0153854437488,0.030769349107,0.0769210651816,0.0153854437488,0.0153854437488,0.0461532544652,1.53839053582e-06,0.0153854437488,0.030769349107,0.0461532544652,0.030769349107,0.0153854437488,0.0461532544652,1.53839053582e-06,0.0153854437488,1.53839053582e-06,0.0923049705398,0.0461532544652,1.53839053582e-06,0.030769349107
53,0.0402735404099,0.0349544035994,0.0311550201633,0.0410334170971,0.037234033661,0.0319148968505,0.0311550201633,0.033434650225,0.033434650225,0.0455926772203,0.0364741569738,0.0281155134145,0.0281155134145,0.0319148968505,0.0205167465424,0.0379939103482,0.0341945269122,0.0250760066656,0.0288753901017,0.0341945269122,0.0288753901017,0.0326747735378,0.0433130471587,0.0341945269122,0.0319148968505,0.0281155134145,0.0341945269122,0.0395136637227,0.0303951434761,0.0311550201633
54,0.02675588584,0.0334448154942,0.0367892803213,0.02675588584,0.0351170479078,0.0401337451484,0.0334448154942,0.0250836534265,0.0501671396297,0.0284281182536,0.0250836534265,0.0284281182536,0.0334448154942,0.0367892803213,0.0284281182536,0.0301003506671,0.0451504423891,0.0367892803213,0.0301003506671,0.0250836534265,0.0150502589452,0.0317725830807,0.0434782099755,0.0351170479078,0.0351170479078,0.0217391885994,0.0367892803213,0.0367892803213,0.0484949072162,0.0401337451484
55,0.0251609271605,0.034523110843,0.0275014730811,0.0380339297239,0.0351082473231,0.0374487932438,0.0333528378827,0.0403744756446,0.0292568825216,0.0327677014025,0.0292568825216,0.0333528378827,0.0304271554819,0.0304271554819,0.0368636567636,0.0304271554819,0.0298420190017,0.0374487932438,0.0321825649224,0.0292568825216,0.0333528378827,0.0269163366009,0.031012291962,0.034523110843,0.0298420190017,0.0409596121247,0.0333528378827,0.0450555674858,0.0339379743628,0.0380339297239
56,0.0442707478848,0.0520831868501,0.0208334309888,0.0338541625977,0.0234375773106,0.0260417236324,0.0338541625977,0.0312500162759,0.0156251383453,0.0338541625977,0.018229284667,0.0312500162759,0.0260417236324,0.0364583089195,0.0442707478848,0.0338541625977,0.0338541625977,0.0286458699541,0.0364583089195,0.0338541625977,0.0364583089195,0.0364583089195,0.0520831868501,0.018229284667,0.041666601563,0.0286458699541,0.041666601563,0.0442707478848,0.0364583089195,0.0260417236324
57,0.0314183175449,0.035906635799,0.0287253265925,0.0421902813547,0.035906635799,0.0368042994498,0.0314183175449,0.0377019631006,0.0368042994498,0.0323159811957,0.0215440173859,0.0296229902433,0.0377019631006,0.0323159811957,0.0251346719892,0.0385996267515,0.0269299992908,0.035906635799,0.0332136448466,0.045780935958,0.0350089721482,0.0233393446876,0.0341113084974,0.0439856086564,0.035906635799,0.0350089721482,0.0448832723072,0.0350089721482,0.0179533627827,0.0188510264335
58,0.0286557159852,0.0341340065731,0.0299199368901,0.0337125996048,0.031184157795,0.0345554135414,0.0345554135414,0.0391908901927,0.0328697856682,0.0391908901927,0.031184157795,0.0290771229535,0.0273914950803,0.0362410414146,0.0332911926365,0.0391908901927,0.0345554135414,0.0299199368901,0.0366624483829,0.0345554135414,0.0307627508267,0.0328697856682,0.0349768205097,0.0366624483829,0.0332911926365,0.0282343090169,0.0299199368901,0.0379266692878,0.0307627508267,0.0345554135414
59,0.0311284068141,0.0317769146139,0.0327496763135,0.0333981841133,0.031452660714,0.0272373600155,0.0350194536127,0.0372892309119,0.0333981841133,0.0366407231121,0.0324254224137,0.0379377387117,0.0298313912146,0.0330739302134,0.0327496763135,0.0353437075126,0.0275616139154,0.0402075160108,0.0330739302134,0.0356679614125,0.0340466919131,0.031452660714,0.0333981841133,0.0346951997128,0.0291828834148,0.0366407231121,0.0359922153124,0.0285343756151,0.0333981841133,0.0346951997128
60,0.0328685272853,0.0328685272853,0.030876501365,0.0398406180061,0.0338645402454,0.0318725143252,0.038844605046,0.0298804884049,0.0378485920859,0.0378485920859,0.0278884624847,0.0328685272853,0.0398406180061,0.0209163717638,0.0318725143252,0.0278884624847,0.0368525791258,0.0318725143252,0.0239044106442,0.0258964365644,0.0408366309662,0.0358565661656,0.0408366309662,0.0338645402454,0.0338645402454,0.0229083976841,0.0408366309662,0.0438246698466,0.0408366309662,0.0199203588037
61,0.027985089594,0.0345149220664,0.0270522563836,0.0335820888561,0.0251865899629,0.0317164224354,0.0317164224354,0.0270522563836,0.030783589225,0.0335820888561,0.0373134216975,0.0251865899629,0.0251865899629,0.0242537567525,0.0335820888561,0.0401119213286,0.0251865899629,0.0345149220664,0.0261194231733,0.0373134216975,0.04384325417,0.0429104209596,0.0382462549079,0.0363805884872,0.0345149220664,0.0373134216975,0.0373134216975,0.0354477552768,0.0457089205907,0.0363805884872
62,0.0355648507554,0.0322175746223,0.031380755589,0.0343096222055,0.0330543936556,0.0359832602721,0.0347280317221,0.026778250906,0.0297071175224,0.0334728031722,0.0389121268885,0.0322175746223,0.0364016697887,0.0368200793053,0.0343096222055,0.0355648507554,0.0301255270391,0.0347280317221,0.0343096222055,0.0380753078553,0.0242677938061,0.0364016697887,0.0351464412388,0.031380755589,0.0292887080058,0.0297071175224,0.0401673554385,0.0322175746223,0.0305439365557,0.0322175746223
63,0.0392720135862,0.0450191235083,0.030651348703,0.0373563102788,0.030651348703,0.0296934970493,0.0383141619325,0.0383141619325,0.0354406069714,0.0268199420883,0.0431034202009,0.0344827553178,0.0258620904346,0.0354406069714,0.0354406069714,0.0249042387809,0.0239463871272,0.0316092003567,0.0421455685472,0.0316092003567,0.0229885354736,0.0363984586251,0.0363984586251,0.0316092003567,0.030651348703,0.0431034202009,0.030651348703,0.0373563102788,0.0316092003567,0.0191571288588
64,0.0333333333333,0.0333333333333,0.0333333333333,0.0333333333333,0.0833308334583,1.6665833375e-06,0.0333333333333,0.0499991667083,0.0499991667083,0.0833308334583,0.0333333333333,0.0333333333333,0.0166674999583,0.0499991667083,0.0499991667083,0.0166674999583,1.6665833375e-06,0.0166674999583,0.0333333333333,1.6665833375e-06,0.0333333333333,0.0166674999583,0.0666650000833,0.0166674999583,0.0333333333333,0.0499991667083,0.0333333333333,1.6665833375e-06,1.6665833375e-06,0.0666650000833
65,0.043731687478,0.0379008346866,0.0291545554995,0.0379008346866,0.0174928499168,0.0320699818952,0.0495625402693,0.0320699818952,0.0262391291038,0.0408162610823,0.0233237027081,0.0408162610823,0.0291545554995,0.0174928499168,0.0466471138736,0.0320699818952,0.0379008346866,0.0320699818952,0.0262391291038,0.0408162610823,0.0379008346866,0.0466471138736,0.0145774235211,0.0233237027081,0.0495625402693,0.0320699818952,0.0320699818952,0.0262391291038,0.0349854082909,0.0291545554995
66,0.0275081047538,0.0275081047538,0.038025878578,0.0412621166777,0.0258899857039,0.0323624619034,0.0355987000032,0.037216819053,0.037216819053,0.0339805809533,0.0315534023785,0.0347896404782,0.0283171642787,0.0364077595281,0.0339805809533,0.024271866654,0.0323624619034,0.0347896404782,0.0364077595281,0.037216819053,0.0355987000032,0.0331715214283,0.0420711762026,0.0291262238037,0.0355987000032,0.0234628071291,0.037216819053,0.0364077595281,0.0291262238037,0.0315534023785
67,0.0434782099755,0.0284281182536,0.0284281182536,0.0384615127349,0.0334448154942,0.0200669561858,0.0434782099755,0.0367892803213,0.0234114210129,0.0367892803213,0.0384615127349,0.0484949072162,0.0334448154942,0.0317725830807,0.0301003506671,0.0367892803213,0.0317725830807,0.02675588584,0.0317725830807,0.0183947237723,0.0351170479078,0.0301003506671,0.0250836534265,0.0401337451484,0.0301003506671,0.0384615127349,0.0367892803213,0.0351170479078,0.0401337451484,0.0284281182536
68,0.0306122657225,0.0306122657225,0.0280612648373,0.0255102639521,0.0204082621817,0.0280612648373,0.0357142674929,0.0331632666077,0.0357142674929,0.0280612648373,0.0229592630669,0.0484692719188,0.0280612648373,0.0255102639521,0.038265268378,0.0561222745744,0.0306122657225,0.0306122657225,0.0280612648373,0.0306122657225,0.0357142674929,0.0433672701484,0.0408162692632,0.0408162692632,0.0280612648373,0.0280612648373,0.0408162692632,0.0331632666077,0.0459182710336,0.0280612648373
69,0.033557046079,0.0281879401828,0.0416107049233,0.0295302166568,0.0348993225531,0.0402684284493,0.0469798108196,0.0241611107606,0.0268456637087,0.032214769605,0.0268456637087,0.033557046079,0.033557046079,0.0295302166568,0.033557046079,0.0295302166568,0.033557046079,0.0295302166568,0.0416107049233,0.0416107049233,0.0348993225531,0.0295302166568,0.0348993225531,0.0375838755012,0.032214769605,0.0241611107606,0.0416107049233,0.0255033872347,0.0362415990271,0.032214769605
70,0.0337711057098,0.0215760180787,0.0253283527345,0.0290806873902,0.0412757750213,0.0290806873902,0.0328330220459,0.0347091893738,0.0384615240295,0.031894938382,0.0290806873902,0.0328330220459,0.0328330220459,0.0337711057098,0.0403376913573,0.0393996076934,0.0412757750213,0.031894938382,0.0272045200623,0.0253283527345,0.0253283527345,0.0403376913573,0.0375234403656,0.031894938382,0.0328330220459,0.0253283527345,0.0328330220459,0.0393996076934,0.0403376913573,0.0422138586852
71,0.0365384430474,0.0403845747044,0.0326923113905,0.030769245562,0.0288461797336,0.0384615088759,0.0288461797336,0.0384615088759,0.0250000480766,0.034615377219,0.0423076405328,0.034615377219,0.0461537721898,0.0269231139051,0.0384615088759,0.0250000480766,0.030769245562,0.0365384430474,0.0365384430474,0.0269231139051,0.0288461797336,0.0365384430474,0.0326923113905,0.0480768380182,0.0288461797336,0.0250000480766,0.0250000480766,0.0269231139051,0.0326923113905,0.0365384430474
72,0.0549443424942,0.0109897475907,0.0109897475907,0.0329670450425,0.0219783963166,0.0219783963166,0.0659329912201,0.0219783963166,0.0109897475907,0.0329670450425,0.0329670450425,0.0439556937683,0.0439556937683,1.09886487259e-06,0.0439556937683,0.0439556937683,0.0879102886718,0.0109897475907,0.0329670450425,0.0439556937683,0.0439556937683,0.0109897475907,0.0109897475907,0.0109897475907,0.0769216399459,0.0549443424942,0.0329670450425,0.0219783963166,0.0329670450425,0.0329670450425
73,0.0361871063007,0.0441305980655,0.0273610043398,0.0255957839476,0.0255957839476,0.0344218859085,0.0273610043398,0.0344218859085,0.0264783941437,0.0326566655163,0.0353044961046,0.0264783941437,0.0353044961046,0.0353044961046,0.0361871063007,0.0379523266929,0.0308914451242,0.0414827674772,0.0326566655163,0.0353044961046,0.0414827674772,0.0344218859085,0.0300088349281,0.0308914451242,0.0308914451242,0.0432479878694,0.0273610043398,0.0344218859085,0.0379523266929,0.0282436145359
74,0.0197371104518,0.0394735630218,0.0263159279751,0.0328947454984,0.0263159279751,0.00657947540509,0.0394735630218,0.0131582929284,0.0197371104518,0.0394735630218,0.0592100155918,0.0592100155918,0.0197371104518,0.0723676506385,0.0197371104518,0.0394735630218,0.0328947454984,0.0394735630218,0.0263159279751,0.0394735630218,0.0131582929284,0.0197371104518,0.0328947454984,0.0394735630218,0.0263159279751,0.0394735630218,0.0263159279751,0.0592100155918,0.0526311980685,0.0197371104518
75,0.0209974724608,0.0314960774587,0.0367453799576,0.0288714262092,0.0367453799576,0.0288714262092,0.0341207287082,0.0419946824566,0.0314960774587,0.0288714262092,0.0183728212114,0.049868636205,0.0314960774587,0.044619333706,0.0236221237103,0.0341207287082,0.0209974724608,0.0472439849555,0.0236221237103,0.0209974724608,0.0393700312071,0.0209974724608,0.0262467749598,0.0341207287082,0.0472439849555,0.0577425899534,0.0367453799576,0.0393700312071,0.0314960774587,0.0314960774587
76,0.0316881673964,0.0342120015042,0.0322490194203,0.0333707234683,0.0403813737678,0.0328098714443,0.0308468893604,0.0356141315641,0.0353337055521,0.0328098714443,0.0308468893604,0.0381379656719,0.0342120015042,0.0336511494802,0.036735835612,0.0325294454323,0.0255187951328,0.0364554096,0.0325294454323,0.0328098714443,0.0314077413844,0.0305664633485,0.0347728535282,0.0319685934084,0.0333707234683,0.0398205217438,0.0314077413844,0.0322490194203,0.0333707234683,0.0283230552526
77,0.0351486210792,0.0262529879022,0.0362334543935,0.0334128877764,0.0368843543821,0.0342807544278,0.0318941211364,0.0344977210907,0.0305923211593,0.0344977210907,0.029507487845,0.0305923211593,0.0301583878336,0.0314601878107,0.0338468211021,0.0381861543592,0.0381861543592,0.0351486210792,0.0386200876849,0.0297244545078,0.0316771544735,0.0353655877421,0.0321110877992,0.0305923211593,0.0342807544278,0.0273378212164,0.0349316544164,0.0340637877649,0.0366673877192,0.0338468211021
78,0.0331457162485,0.0340838016725,0.0347091919551,0.0350218870964,0.0343964968138,0.0287679842702,0.0328330211072,0.0340838016725,0.0337711065312,0.0362726676617,0.0340838016725,0.0393996190748,0.0325203259659,0.0334584113899,0.0328330211072,0.0297060696941,0.0337711065312,0.0362726676617,0.0284552891289,0.0343964968138,0.026579118281,0.0300187648354,0.0350218870964,0.0368980579443,0.0340838016725,0.0306441551181,0.0353345822377,0.0347091919551,0.0309568502594,0.0337711065312
79,0.031250005008,0.0320512851331,0.0320512851331,0.0288461646326,0.031250005008,0.0296474447577,0.0400640863844,0.0264423242572,0.0448717671352,0.0328525652583,0.0264423242572,0.0288461646326,0.0272436043824,0.0384615261342,0.0280448845075,0.0384615261342,0.0264423242572,0.0408653665095,0.0280448845075,0.0344551255085,0.0296474447577,0.0432692068849,0.037660246009,0.0328525652583,0.0328525652583,0.0416666466347,0.0400640863844,0.0384615261342,0.0232372037567,0.0336538453834
80,0.035467441542,0.0298290306499,0.034921788875,0.0329210624294,0.0305565675392,0.0289196095382,0.0329210624294,0.035467441542,0.0285558410936,0.035467441542,0.0365587468759,0.0323754097624,0.0323754097624,0.0321935255401,0.0329210624294,0.0323754097624,0.0314659886508,0.034921788875,0.0345580204303,0.035467441542,0.0325572939847,0.0369225153206,0.0309203359838,0.034921788875,0.0318297570954,0.0363768626536,0.0356493257643,0.0327391782071,0.0321935255401,0.0356493257643
81,0.0359628678787,0.0290023352587,0.0266821577187,0.0266821577187,0.0336426903387,0.0336426903387,0.0533641994285,0.0429234004986,0.0394431341886,0.0290023352587,0.0359628678787,0.0336426903387,0.0255220689487,0.0406032229586,0.0348027791087,0.0371229566486,0.0348027791087,0.0324826015687,0.0301624240287,0.0359628678787,0.0290023352587,0.0278422464887,0.0406032229586,0.0324826015687,0.0313225127987,0.0301624240287,0.0324826015687,0.0359628678787,0.0255220689487,0.0232018914087
82,0.0443684876947,0.0273038160019,0.0238908816633,0.0409555533561,0.0477814220332,0.0375426190176,0.0204779473248,0.0307167503404,0.0409555533561,0.0375426190176,0.0546072907103,0.0307167503404,0.034129684679,0.034129684679,0.0204779473248,0.0204779473248,0.0443684876947,0.0273038160019,0.034129684679,0.034129684679,0.0204779473248,0.0409555533561,0.034129684679,0.0511943563718,0.0409555533561,0.0136520786477,0.0409555533561,0.0238908816633,0.0136520786477,0.034129684679
