,0,1,2,3,4,5,6,7,8,9,10,11,12,13,14,15,16,17,18,19
0,0.0369928711387,0.048926016883,0.0525059606063,0.0465393877342,0.0608591626273,0.0525059606063,0.048926016883,0.0429594440109,0.0465393877342,0.0727923083716,0.0429594440109,0.048926016883,0.0548925897552,0.040572814862,0.0525059606063,0.0465393877342,0.0298329836922,0.0525059606063,0.0584725334784,0.0632457917762
1,0.051428567347,0.0471428653061,0.0557142693878,0.0371428938774,0.0571428367348,0.0585714040817,0.0471428653061,0.0542857020409,0.0457142979591,0.0442857306122,0.0442857306122,0.0414285959183,0.0457142979591,0.051428567347,0.048571432653,0.0571428367348,0.0542857020409,0.0557142693878,0.0599999714287,0.0428571632652
2,0.0590163638808,0.0557376861059,0.0573770249934,0.0557376861059,0.0475409916689,0.0475409916689,0.063934380543,0.0606557027682,0.0491803305563,0.0622950416556,0.0442623138941,0.0475409916689,0.0426229750066,0.0393442972318,0.0426229750066,0.0491803305563,0.0409836361192,0.0442623138941,0.0377049583444,0.0524590083311
3,0.0565476093042,0.0491071441858,0.0394345395319,0.0543154697686,0.0550595162805,0.0476190511621,0.0513392837213,0.0558035627923,0.0431547720911,0.0520833302331,0.0580357023278,0.0424107255793,0.0446428651148,0.0580357023278,0.0461309581385,0.0587797488397,0.0550595162805,0.0431547720911,0.0461309581385,0.0431547720911
4,0.0503202189932,0.0411711049019,0.0484903961749,0.0448307505384,0.055809687448,0.0430009277202,0.0512351304023,0.0494053075841,0.0503202189932,0.0475754847658,0.0612991559027,0.0622140673119,0.0475754847658,0.0320219908106,0.0548947760388,0.0475754847658,0.055809687448,0.0512351304023,0.0530649532206,0.0521500418115
5,0.03911568328,0.042517032255,0.05952377713,0.0408163577675,0.0646258005925,0.0578231026425,0.056122428155,0.03911568328,0.05272107918,0.05272107918,0.0476190557175,0.05952377713,0.03911568328,0.03911568328,0.0646258005925,0.0442177067425,0.062925126105,0.049319730205,0.0510204046925,0.0374150087925
6,0.0328467779315,0.0529196973734,0.0602189408068,0.0620437516651,0.0419708322232,0.0565693190901,0.0437956430816,0.0456204539399,0.0401460213649,0.0529196973734,0.0529196973734,0.0547445082317,0.0547445082317,0.0437956430816,0.0547445082317,0.0492700756567,0.0328467779315,0.0492700756567,0.0583941299484,0.0602189408068
7,0.0503968252394,0.0478174611835,0.049404762141,0.0476190485639,0.0458333349868,0.0501984126197,0.0525793640558,0.043253970931,0.0543650776329,0.0521825388165,0.0498015873803,0.0527777766755,0.0480158738032,0.0484126990426,0.05,0.0559523785903,0.0492063495213,0.0515873009574,0.0541666650132,0.0464285728458
8,0.0260116993543,0.052023109693,0.0404624828758,0.0635837365102,0.0549132663973,0.0375723261715,0.0635837365102,0.0462427962844,0.0606935798059,0.0404624828758,0.0491329529887,0.0578034231016,0.052023109693,0.0635837365102,0.0549132663973,0.0549132663973,0.0549132663973,0.0491329529887,0.0404624828758,0.0375723261715
9,0.0376850937144,0.0430686593037,0.0417227679064,0.064602921661,0.0511440076877,0.0390309851117,0.0497981162904,0.0699864872504,0.0592193560717,0.0444145507011,0.0511440076877,0.0538357904824,0.0511440076877,0.0323015281251,0.0457604420984,0.0511440076877,0.0457604420984,0.0538357904824,0.0605652474691,0.0538357904824
10,0.0277783950446,0.069443904336,0.069443904336,0.0833324074331,0.0416668981417,0.0833324074331,0.0277783950446,0.0416668981417,0.0277783950446,0.069443904336,0.0277783950446,0.0416668981417,0.069443904336,0.0277783950446,0.0555554012389,0.0555554012389,0.111109413627,0.0138898919474,0.0416668981417,0.0138898919474
11,0.0483091869121,0.0531400814489,0.041062845107,0.0555555287173,0.0507246341805,0.0724636595958,0.0507246341805,0.0483091869121,0.0531400814489,0.0507246341805,0.0386473978387,0.0434782923754,0.0700482123275,0.060386423254,0.0386473978387,0.0458937396438,0.0507246341805,0.0217392669601,0.0555555287173,0.0507246341805
12,0.0553505337619,0.0332103940576,0.0608855686879,0.0405904406257,0.0369004173416,0.0387454289837,0.064575591972,0.0535055221198,0.0719556385401,0.0424354522677,0.0461254755518,0.0405904406257,0.0590405570459,0.0461254755518,0.0369004173416,0.068265615256,0.0498154988358,0.0774906734661,0.0479704871938,0.0295203707735
13,0.0524475353319,0.0489510562863,0.0314686610583,0.0419580981951,0.0419580981951,0.0594404934231,0.0489510562863,0.0384616191495,0.0489510562863,0.0314686610583,0.0699299305599,0.0454545772407,0.0349651401039,0.0559440143775,0.0279721820127,0.0524475353319,0.0489510562863,0.0769228886511,0.0629369724687,0.0804193676967
14,0.0338235769895,0.0676470069206,0.0544117517301,0.0470588321799,0.05,0.0558823356402,0.0455882482699,0.0470588321799,0.080882262111,0.0441176643598,0.0441176643598,0.0411764965397,0.05,0.0426470804498,0.0323529930794,0.0558823356402,0.0602940873703,0.0617646712804,0.0470588321799,0.0382353287196
15,0.0678570790819,0.0482142920918,0.05,0.0410714604591,0.0464285841836,0.05,0.0446428762754,0.0517857079082,0.05,0.0535714158164,0.0535714158164,0.0749999107146,0.0446428762754,0.0553571237246,0.0428571683673,0.0339286288263,0.0482142920918,0.05,0.0482142920918,0.0446428762754
16,0.0431778988101,0.045768570148,0.0531088056055,0.0462003487044,0.0539723627182,0.047063905817,0.047063905817,0.0535405841618,0.0500863557113,0.0535405841618,0.0427461202538,0.0466321272607,0.0496545771549,0.0544041412745,0.0587219268377,0.0427461202538,0.0556994769435,0.059153705394,0.0431778988101,0.0535405841618
17,0.0626864914239,0.0447761505901,0.0388060369789,0.0716416618408,0.0477612073958,0.053731321007,0.0417910937845,0.0447761505901,0.0597014346183,0.0477612073958,0.0567163778127,0.0567163778127,0.0477612073958,0.053731321007,0.0179106393395,0.0507462642014,0.0507462642014,0.0417910937845,0.0447761505901,0.0656715482296
18,0.0589197744034,0.0589197744034,0.0409165600113,0.0507364951342,0.0605564302572,0.0392799041574,0.0490998392804,0.0540098068419,0.0376432483036,0.0556464626957,0.0360065924498,0.0507364951342,0.0605564302572,0.0458265275727,0.0425532158651,0.0540098068419,0.0556464626957,0.062193086111,0.0540098068419,0.0327332807421
19,0.0419753482699,0.0592592135347,0.0419753482699,0.0592592135347,0.0567900899255,0.0518518427069,0.0691357079718,0.0493827190977,0.0222223593958,0.0592592135347,0.0469135954884,0.0493827190977,0.0666665843625,0.0518518427069,0.0518518427069,0.0395062246606,0.0518518427069,0.0395062246606,0.0469135954884,0.0444444718792
20,0.0512396653234,0.0413223427361,0.0512396653234,0.0528925524213,0.0677685363024,0.042975229834,0.0495867782255,0.0644627621066,0.0396694556382,0.0479338911276,0.042975229834,0.0512396653234,0.042975229834,0.0396694556382,0.0595041008129,0.0545454395192,0.0628098750087,0.0561983266171,0.042975229834,0.0380165685403
21,0.0490797551658,0.0503067482781,0.0533742310588,0.0527607345026,0.0444785309948,0.0592024483421,0.0530674827807,0.0484662586097,0.0539877276149,0.0484662586097,0.054294475893,0.0484662586097,0.0512269931123,0.0521472379465,0.0460122723851,0.0503067482781,0.0490797551658,0.0441717827167,0.0429447896044,0.0481595103316
22,0.0597014201387,0.0746266818904,0.0261195811972,0.0447761583869,0.0522387892628,0.0708953664525,0.0447761583869,0.0783579973284,0.0447761583869,0.0447761583869,0.037313527511,0.0447761583869,0.0597014201387,0.0522387892628,0.0447761583869,0.0559701047007,0.0485074738248,0.0186569503213,0.0485074738248,0.0485074738248
23,0.0492021283669,0.0492021283669,0.0540780105691,0.0483156043301,0.0474290802934,0.0496453903853,0.0536347485508,0.0509751764404,0.0465425562566,0.0523049624956,0.0523049624956,0.0496453903853,0.0545212725875,0.0478723423118,0.0580673687346,0.0456560322198,0.0567375826794,0.0434397221279,0.0465425562566,0.0438829841463
24,0.0547063480187,0.0522928362143,0.0490748204749,0.0619468834322,0.0506838283446,0.0410297811267,0.0539018440839,0.0434432929311,0.0514883322794,0.0530973401491,0.0450523008008,0.0466613086705,0.0522928362143,0.0402252771918,0.0466613086705,0.0603378755625,0.044247796866,0.0450523008008,0.0514883322794,0.0563153558884
25,0.0520126621324,0.0515603785071,0.0515603785071,0.0506558112566,0.0515603785071,0.0624151855132,0.0497512440061,0.0398010042506,0.0542740802586,0.0479421095051,0.0416101387516,0.0470375422546,0.0569877820101,0.0474898258798,0.0479421095051,0.0506558112566,0.0425147060021,0.0569877820101,0.0456806913788,0.0515603785071
26,0.054313071482,0.054313071482,0.0862617491262,0.0447284681887,0.054313071482,0.0734822780685,0.0766771458329,0.0479233359531,0.0479233359531,0.031948997131,0.0479233359531,0.031948997131,0.0159746583089,0.054313071482,0.0638976747752,0.0383387326599,0.0351438648954,0.0479233359531,0.0670925425397,0.0255592616022
27,0.0505617945967,0.05337076758,0.0561797405633,0.0561797405633,0.0449438486301,0.05337076758,0.0674156324964,0.0421348756468,0.05337076758,0.0337079566969,0.0589887135466,0.0365169296802,0.0617976865299,0.0365169296802,0.0477528216134,0.0365169296802,0.0337079566969,0.073033578463,0.0617976865299,0.0421348756468
28,0.0457685738021,0.0388601228668,0.0509499120036,0.0500863556367,0.056994806572,0.0561312502051,0.0483592429029,0.0431779047014,0.0492227992698,0.0647668138742,0.0440414610683,0.0388601228668,0.0604490320397,0.0423143483345,0.0457685738021,0.0440414610683,0.0613125884066,0.046632130169,0.0518134683705,0.0604490320397
29,0.0610889479709,0.0478087707602,0.0664010188552,0.0398406644338,0.0517928239234,0.042496699876,0.0464807530392,0.0464807530392,0.0491367884813,0.0478087707602,0.0517928239234,0.0385126467128,0.0451527353181,0.0531208416445,0.0597609302499,0.062416965692,0.0504648062024,0.0451527353181,0.0398406644338,0.0544488593656
30,0.1086931003,0.0434785444111,0.0217403591148,0.0869549150037,0.0434785444111,0.0434785444111,0.0434785444111,0.0217403591148,0.0434785444111,0.0652167297074,0.1086931003,0.0434785444111,0.0434785444111,0.0869549150037,2.17381852963e-06,0.0652167297074,0.0652167297074,0.0217403591148,0.0217403591148,0.0217403591148
31,0.0540540102269,0.0378379693193,0.0216219284116,0.0594593571961,0.0594593571961,0.0432433162885,0.0918914390115,0.03243262235,0.0702700511346,0.0486486632577,0.0540540102269,0.0594593571961,0.0486486632577,0.0378379693193,0.0486486632577,0.0702700511346,0.0540540102269,0.0432433162885,0.0378379693193,0.0270272753808
32,0.0641508899966,0.0377358953362,0.0679244606624,0.0452830366678,0.0471698220007,0.058490533998,0.0528301779993,0.0490566073336,0.0547169633322,0.0433962513349,0.041509466002,0.0622641046638,0.058490533998,0.0471698220007,0.0433962513349,0.0433962513349,0.0471698220007,0.041509466002,0.0566037486651,0.0377358953362
33,0.0534506042617,0.0493910698362,0.0487144807652,0.0514208370489,0.050744247978,0.050744247978,0.0534506042617,0.0534506042617,0.0487144807652,0.050744247978,0.0466847135525,0.0520974261199,0.050744247978,0.0460081244816,0.0446549463397,0.0466847135525,0.0487144807652,0.050744247978,0.0453315354106,0.0575101386872
34,0.0443645219076,0.0479616355836,0.0539568250436,0.0347722187717,0.0491606734756,0.0467625976916,0.0491606734756,0.0491606734756,0.0575539387196,0.0491606734756,0.0551558629356,0.0503597113676,0.0515587492596,0.0515587492596,0.0443645219076,0.0467625976916,0.0527577871516,0.0707433555315,0.0431654840156,0.0515587492596
35,0.0566035243953,0.0754707369533,0.0188690992793,0.0754707369533,0.0377363118373,0.0566035243953,0.0943379495113,0.0754707369533,0.0188690992793,0.0377363118373,0.0943379495113,0.0377363118373,0.0188690992793,0.0754707369533,0.0188690992793,0.0377363118373,0.0943379495113,1.8867212558e-06,0.0188690992793,0.0566035243953
36,0.0479188542016,0.0521161230387,0.0517663506356,0.0437215853644,0.0486183990078,0.0433718129613,0.056663164279,0.0507170334263,0.0521161230387,0.0510668058294,0.0535152126511,0.0545645298604,0.0437215853644,0.0507170334263,0.0465197645892,0.0503672610233,0.0507170334263,0.0594613435038,0.0451206749768,0.0472193093954
37,0.0359714248716,0.0359714248716,0.0503597070546,0.0719421303291,0.0287772837801,0.0647479892376,0.0719421303291,0.0359714248716,0.0647479892376,0.0575538481461,0.0287772837801,0.0503597070546,0.0431655659631,0.0503597070546,0.0359714248716,0.0791362714206,0.0287772837801,0.0935245536035,0.0359714248716,0.0359714248716
38,0.0382848750846,0.0428790417181,0.0398162639624,0.061255708252,0.061255708252,0.0474732083516,0.0627870971299,0.0520673749851,0.0566615416186,0.0643184860077,0.0520673749851,0.0444104305959,0.0428790417181,0.0428790417181,0.0551301527407,0.0459418194738,0.0474732083516,0.0474732083516,0.0428790417181,0.0520673749851
39,0.0538921689561,0.047904216716,0.0598801211962,0.0359283122358,0.0419162644759,0.0119765032754,0.047904216716,0.0598801211962,0.0299403599957,0.047904216716,0.0778439779164,0.047904216716,0.0838319301565,0.047904216716,0.0538921689561,0.0538921689561,0.0598801211962,0.0538921689561,0.0419162644759,0.0419162644759
40,0.0462520055757,0.043062223087,0.0510366793088,0.0382775493539,0.0542264617976,0.0462520055757,0.0510366793088,0.0558213530419,0.0366826581095,0.0558213530419,0.043062223087,0.0414673318426,0.0494417880645,0.0334928756208,0.07336515673,0.0398724405983,0.0717702654856,0.0542264617976,0.0510366793088,0.0637958092638
41,0.0523083910355,0.0543552402296,0.0504889695297,0.046850126518,0.0443484219475,0.0513986802826,0.0475324095827,0.0536729571649,0.0441209942593,0.0513986802826,0.0518535356591,0.0509438249062,0.0473049818945,0.0539003848531,0.0516261079708,0.0541278125414,0.0477598372709,0.0500341141532,0.0461678434533,0.049806686465
42,0.0497630342984,0.0473933772826,0.0545023483301,0.0379147492192,0.0639809763935,0.071089947441,0.0545023483301,0.040284406235,0.0473933772826,0.0379147492192,0.0473933772826,0.0592416623618,0.0545023483301,0.0521326913143,0.0331754351875,0.0473933772826,0.0616113193776,0.0497630342984,0.0521326913143,0.0379147492192
43,0.046244915838,0.0484646700224,0.053274137422,0.0480947109917,0.0473547929302,0.0495745471147,0.0580836048216,0.0543840145142,0.0506844242069,0.0495745471147,0.0543840145142,0.0499445061454,0.0488346290532,0.047724751961,0.0514243422683,0.0436552026229,0.0536440964528,0.0473547929302,0.0529041783913,0.0443951206843
44,0.0483193347927,0.0798318074294,0.0441176717745,0.0756301444112,0.0609243238474,0.0441176717745,0.0420168402654,0.0504201663018,0.0399160087563,0.0462185032836,0.0336135142289,0.0441176717745,0.0483193347927,0.0336135142289,0.0462185032836,0.0315126827198,0.0567226608292,0.0504201663018,0.0651259868656,0.0588234923383
45,0.0534883558681,0.0441860735531,0.0511627852894,0.081395202813,0.0441860735531,0.0441860735531,0.0581394970256,0.0418605029744,0.0441860735531,0.0441860735531,0.0511627852894,0.0534883558681,0.0534883558681,0.0534883558681,0.0465116441319,0.0441860735531,0.0441860735531,0.0418605029744,0.0534883558681,0.0511627852894
46,0.059382378231,0.0332542363219,0.059382378231,0.0570070926029,0.0332542363219,0.0522565213467,0.0475059500905,0.0403800932062,0.0522565213467,0.0403800932062,0.0522565213467,0.0641329494872,0.0546318069748,0.0475059500905,0.0427553788343,0.0427553788343,0.0498812357186,0.059382378231,0.0641329494872,0.0475059500905
47,0.0571428425656,0.0489795939192,0.0581632486464,0.055102030404,0.0367347209495,0.0571428425656,0.0408163452728,0.0408163452728,0.0520408121616,0.0438775635152,0.0459183756768,0.044897969596,0.044897969596,0.0479591878384,0.0520408121616,0.0653060912121,0.0561224364848,0.0653060912121,0.0418367513536,0.044897969596
48,0.0518358452015,0.0410367557808,0.0388769378966,0.0367171200124,0.0410367557808,0.0518358452015,0.0475162094332,0.0691143882748,0.0518358452015,0.058315298854,0.0431965736649,0.0496760273174,0.0518358452015,0.0712742061589,0.0345573021283,0.0367171200124,0.0734340240431,0.0561554809698,0.0410367557808,0.0539956630857
49,0.0559112198795,0.0452411478949,0.0524967968444,0.0443875421361,0.0542040083619,0.0533504026032,0.0392659075835,0.0486555709299,0.0529235997238,0.0473751622918,0.0473751622918,0.0533504026032,0.0550576141207,0.0559112198795,0.052069993965,0.0435339363773,0.0507895853269,0.0499359795681,0.046521556533,0.0516431910856
50,0.075471610732,0.037735891129,0.0480274510208,0.0463121910388,0.0428816710749,0.0480274510208,0.0497427110027,0.0548884909486,0.0480274510208,0.0497427110027,0.0617495308764,0.0548884909486,0.0360206311471,0.0497427110027,0.0600342708944,0.0325901111832,0.0668953108223,0.0411664110929,0.0531732309666,0.0428816710749
51,0.0492957779541,0.0539905915935,0.0446009643147,0.0492957779541,0.0516431847738,0.0492957779541,0.0610328120525,0.0751172529706,0.0469483711344,0.0539905915935,0.042253557495,0.0610328120525,0.0446009643147,0.0492957779541,0.0328639302163,0.0492957779541,0.042253557495,0.0539905915935,0.0446009643147,0.0446009643147
52,0.0923063905726,0.030769822467,0.0461539644934,0.030769822467,0.0153856804406,0.0615381065198,0.0153856804406,0.030769822467,0.0461539644934,0.030769822467,0.0923063905726,0.0461539644934,0.030769822467,0.0461539644934,0.0923063905726,0.0769222485462,0.0769222485462,0.0615381065198,0.0153856804406,0.0615381065198
53,0.0402735710128,0.0547112390407,0.0547112390407,0.0425532028067,0.0547112390407,0.0562309935699,0.0455927118652,0.0357143074251,0.0478723436591,0.0569908708345,0.0501519754529,0.0433130800713,0.0455927118652,0.0501519754529,0.0547112390407,0.0524316072468,0.060030379893,0.0547112390407,0.0471124663944,0.0524316072468
54,0.0568561643607,0.0384615770516,0.0568561643607,0.0602006347805,0.0551839291507,0.0418060474714,0.0384615770516,0.0401338122615,0.0484949883111,0.0518394587309,0.0418060474714,0.0418060474714,0.0618728699904,0.0468227531012,0.0401338122615,0.050167223521,0.0685618108301,0.0518394587309,0.0602006347805,0.0484949883111
55,0.0468110043171,0.0479812779622,0.0596840144131,0.0590988775905,0.0497366884299,0.0526623725426,0.0485664147848,0.0550029198327,0.0579286039455,0.0479812779622,0.0473961411397,0.0403744992692,0.0526623725426,0.0503218252524,0.0450555938495,0.0450555938495,0.0403744992692,0.0468110043171,0.0544177830102,0.05207723572
56,0.0494791693793,0.0651040879995,0.0572916286894,0.0546874755861,0.0338542507591,0.0338542507591,0.0338542507591,0.0572916286894,0.0677082411029,0.0364584038625,0.0416667100692,0.0546874755861,0.0494791693793,0.0572916286894,0.0416667100692,0.0729165473096,0.0546874755861,0.0286459445524,0.0520833224827,0.0572916286894
57,0.050269299337,0.0457809770539,0.0565529505333,0.0529622927068,0.0565529505333,0.0457809770539,0.0484739704238,0.0529622927068,0.0538599571635,0.0484739704238,0.050269299337,0.0448833125973,0.0421903192274,0.0556552860767,0.0412926547708,0.0511669637936,0.0583482794465,0.0439856481407,0.0592459439032,0.0412926547708
58,0.046776235334,0.0547829711058,0.0434049781669,0.0505688996469,0.0488832710634,0.0530973425223,0.0459334210422,0.0446691996046,0.0530973425223,0.0501474925011,0.0484618639175,0.0497260853552,0.0383480924163,0.0547829711058,0.0509903067928,0.0564685996893,0.0535187496681,0.0463548281881,0.0552043782517,0.0547829711058
59,0.0509079112141,0.0544747052693,0.0473411171588,0.0463683551437,0.0492866411889,0.050259403204,0.0460441011387,0.049610895194,0.0583657533296,0.0489623871839,0.0453955931287,0.049935149199,0.0518806732291,0.0531776892492,0.0538261972593,0.0509079112141,0.0453955931287,0.0457198471337,0.0492866411889,0.0528534352442
60,0.0468127553531,0.0507968111617,0.0468127553531,0.0517928251139,0.0498007972096,0.0498007972096,0.0438247134966,0.0368526158314,0.0507968111617,0.0557768809225,0.0438247134966,0.0547808669704,0.0448207274488,0.0418326855923,0.0517928251139,0.0547808669704,0.0597609367312,0.0717131041572,0.0468127553531,0.0468127553531
61,0.0317164520215,0.0466417973101,0.0522388017933,0.0494402995517,0.044776129149,0.0569029721959,0.058768640357,0.0391791246658,0.0485074654711,0.0550373040349,0.0457089632295,0.0419776269074,0.0578358062765,0.0652984789207,0.0503731336322,0.0597014744375,0.0578358062765,0.0494402995517,0.0438432950685,0.044776129149
62,0.0523012533044,0.0543933017629,0.0531380726878,0.055648530838,0.0451882885454,0.044351469162,0.0481171563873,0.0518828436127,0.05857739868,0.0497907951541,0.051464433921,0.0451882885454,0.0481171563873,0.0472803370039,0.0435146497785,0.0569037599132,0.0535564823795,0.044351469162,0.0489539757707,0.0472803370039
63,0.0507662820569,0.0536398397704,0.0517241346281,0.0574712500551,0.0517241346281,0.0574712500551,0.0574712500551,0.0622605129109,0.0459770192011,0.0373563460606,0.0517241346281,0.0498084294858,0.039272051203,0.0517241346281,0.0498084294858,0.0431034614876,0.0459770192011,0.0402299037741,0.0593869551974,0.0431034614876
64,0.05,0.05,0.05,0.0333338888704,0.0666661111296,0.05,0.05,0.0666661111296,0.05,0.0833322222593,0.0166677777407,0.0333338888704,0.0999983333889,0.05,0.0833322222593,1.66661111296e-06,0.0166677777407,0.05,0.0333338888704,0.0666661111296
65,0.0524781196611,0.0524781196611,0.0728861639291,0.0495626847657,0.0437318149748,0.0320700753931,0.0437318149748,0.0466472498703,0.037900945184,0.0612244243474,0.0553935545565,0.0495626847657,0.0495626847657,0.0641398592428,0.0641398592428,0.0641398592428,0.0349855102886,0.037900945184,0.0233237707069,0.0641398592428
66,0.0558252332925,0.0501618120359,0.0347896686251,0.0388349695227,0.0558252332925,0.0517799323949,0.0501618120359,0.0501618120359,0.0485436916769,0.0501618120359,0.0517799323949,0.0728154970623,0.0453074509588,0.0477346314974,0.0558252332925,0.0493527518564,0.0444983907793,0.0509708722154,0.0436893305998,0.0517799323949
67,0.0585283995706,0.0434782826813,0.0418060474714,0.0367893418417,0.0451505178912,0.0518394587309,0.0652173404102,0.0484949883111,0.050167223521,0.0434782826813,0.0602006347805,0.0652173404102,0.0484949883111,0.0551839291507,0.0535116939408,0.0351171066318,0.050167223521,0.0484949883111,0.050167223521,0.0484949883111
68,0.0408163733859,0.0612244325284,0.0484693955643,0.0484693955643,0.0255103290289,0.0459183881715,0.0688774547069,0.0433673807787,0.0510204029571,0.0510204029571,0.0433673807787,0.0484693955643,0.0484693955643,0.0586734251356,0.0408163733859,0.0408163733859,0.0433673807787,0.0484693955643,0.0790814842781,0.0637754399212
69,0.0402684825007,0.0536912652583,0.0456375956038,0.0469798738795,0.0456375956038,0.0630872131887,0.0604026566372,0.0536912652583,0.0375839259492,0.0657717697402,0.0483221521553,0.0348993693977,0.0510067087068,0.0469798738795,0.0523489869826,0.0577181000856,0.0429530390522,0.0416107607765,0.0563758218099,0.0550335435341
70,0.046904321005,0.0487804900929,0.0487804900929,0.0393996446536,0.0506566591808,0.0562851664443,0.0431519828293,0.0365853910218,0.0590994200761,0.0628517582519,0.0525328282686,0.0637898427958,0.046904321005,0.0553470819004,0.0525328282686,0.0562851664443,0.0403377291975,0.047842405549,0.0393996446536,0.0525328282686
71,0.05,0.0326923742601,0.0461538609467,0.05,0.0653845562132,0.04423079142,0.0403846523667,0.0653845562132,0.0423077218934,0.0634614866866,0.0538461390533,0.0384615828401,0.05,0.0307693047334,0.0615384171599,0.05,0.0519230695267,0.0480769304733,0.0538461390533,0.0615384171599
72,0.0219786378321,0.0549449462649,0.0659337157425,0.0659337157425,0.0329674073097,0.0329674073097,0.0769224852201,0.0549449462649,0.0439561767873,0.0219786378321,0.0769224852201,0.0549449462649,0.0659337157425,0.0439561767873,0.0329674073097,0.0329674073097,0.0659337157425,0.0659337157425,0.0879112546977,1.09887694776e-06
73,0.0441306370156,0.0538393577416,0.0538393577416,0.0582524126171,0.0564871906669,0.0414828040904,0.0441306370156,0.0591350235922,0.0414828040904,0.0450132479907,0.0485436918911,0.0467784699409,0.0520741357915,0.0538393577416,0.047661080916,0.0529567467666,0.0529567467666,0.0494263028662,0.0529567467666,0.0450132479907
74,0.0394738227129,0.0460526835173,0.0526315443218,0.0657892659307,0.0526315443218,0.0657892659307,0.0657892659307,0.0723681267352,0.0460526835173,0.0328949619084,0.0197372402995,0.0592104051262,0.0394738227129,0.0460526835173,0.0328949619084,0.0526315443218,0.0526315443218,0.0263161011039,0.0394738227129,0.0921047091486
75,0.0577427415079,0.0472441089548,0.0262468438486,0.0446194508165,0.0419947926783,0.0577427415079,0.0603673996462,0.0288715019869,0.03937013454,0.0341208182634,0.0419947926783,0.0629920577845,0.068241374061,0.0472441089548,0.068241374061,0.0446194508165,0.0603673996462,0.068241374061,0.0472441089548,0.0524934252314
76,0.0535614113509,0.0485137417197,0.0501962982634,0.0493550199916,0.0434660720886,0.0535614113509,0.0485137417197,0.0569265244383,0.0496354460822,0.049074593901,0.0465507590854,0.0465507590854,0.0524397069884,0.0501962982634,0.0518788548071,0.0597307853445,0.0454290547229,0.0507571504447,0.0451486286323,0.0485137417197
77,0.0468648310415,0.0518550653699,0.0488175314309,0.0494684315607,0.0518550653699,0.0470817977514,0.0466478643316,0.0479496645912,0.0481666313011,0.0479496645912,0.0518550653699,0.0507702318203,0.0481666313011,0.0509871985302,0.0544586658891,0.048383598011,0.0470817977514,0.0520720320798,0.05142113195,0.0581470999579
78,0.0475297076112,0.0506566600021,0.0428392790248,0.0497185742848,0.0519074409584,0.0519074409584,0.0484677933285,0.0456535361767,0.0487804885675,0.0481550980894,0.0462789266548,0.0472170123721,0.0509693552412,0.0444027552203,0.057223260023,0.0590994314575,0.0462789266548,0.0584740409793,0.0531582219148,0.0512820504803
79,0.0592948568993,0.0552884530634,0.0384615569526,0.0560897338306,0.0448718030901,0.0504807684603,0.0416666800213,0.0520833299947,0.0424679607885,0.0552884530634,0.0432692415557,0.0584935761321,0.0584935761321,0.0408653992542,0.0472756453916,0.0552884530634,0.0512820492275,0.0496794876931,0.0416666800213,0.0576922953649
80,0.055110947577,0.051109493958,0.0518370309796,0.0522007994904,0.0538377577891,0.0487449986377,0.0505638411918,0.0465623875728,0.0532921050229,0.0498363041701,0.0487449986377,0.0543834105553,0.0440160079971,0.0452891977849,0.0512913782134,0.0432884709755,0.0518370309796,0.0481993458715,0.0480174616161,0.0518370309796
81,0.040603270062,0.058004621799,0.05220417122,0.0568445316832,0.0429234502936,0.0568445316832,0.0556844415674,0.0452436305252,0.0568445316832,0.0533642613358,0.0533642613358,0.0359629095988,0.0475638107568,0.0475638107568,0.040603270062,0.0556844415674,0.0498839909884,0.0533642613358,0.0510440811042,0.046403720641
82,0.0273039091883,0.0648463150422,0.0511945310954,0.0614333690555,0.0511945310954,0.0443686391219,0.0307168551751,0.0614333690555,0.0409556931352,0.0238909632016,0.0511945310954,0.0614333690555,0.0409556931352,0.0341298011618,0.0546074770821,0.0580204230688,0.0443686391219,0.0682592610289,0.0511945310954,0.0784980989891
83,0.0493601485918,0.0475320017111,0.0475320017111,0.0786104986819,0.0639853236368,0.0402194141886,0.0676416173981,0.0457038548305,0.038391267308,0.0566727361143,0.053016442353,0.0639853236368,0.038391267308,0.038391267308,0.0402194141886,0.0493601485918,0.0438757079499,0.053016442353,0.0438757079499,0.0402194141886
84,0.0434492066187,0.0581550693114,0.0467914481398,0.0608288625283,0.0614973108325,0.0514705862693,0.0394385167934,0.0481283447482,0.0528074828777,0.0541443794861,0.0421123100103,0.0508021379651,0.0541443794861,0.0487967930524,0.0481283447482,0.0494652413566,0.0514705862693,0.0467914481398,0.047459896444,0.0441176549229
85,0.0419223069073,0.044989785297,0.0695296124139,0.0511247420762,0.0521472348727,0.0541922204658,0.04703477089,0.0552147132623,0.04703477089,0.0501022492797,0.0398773213143,0.0419223069073,0.04703477089,0.0572596988554,0.04703477089,0.0623721628381,0.04703477089,0.0480572636866,0.0439672925004,0.0521472348727
86,0.0571010040966,0.0497803813166,0.0688140005447,0.0556368795406,0.0512445058726,0.0483162567606,0.0351391357566,0.0351391357566,0.0395315094246,0.0527086304286,0.0468521322046,0.0453880076486,0.0527086304286,0.0585651286526,0.0483162567606,0.0380673848686,0.0527086304286,0.0585651286526,0.0585651286526,0.0468521322046
87,0.0440110057459,0.0522630646346,0.0567641876648,0.0557639381026,0.0445111305271,0.0502625655101,0.0522630646346,0.0465116296516,0.0492623159478,0.0500125031195,0.0477619416044,0.0507626902912,0.0467616920422,0.0442610681365,0.0520130022441,0.0515128774629,0.0467616920422,0.0512628150724,0.0542635637592,0.0530132518063
88,0.0458801536703,0.0463483180259,0.0552434407833,0.054307112072,0.0472846467372,0.0496254685155,0.0491573041598,0.0454119893146,0.0491573041598,0.0519662902937,0.0463483180259,0.0538389477163,0.044943824959,0.0505617972268,0.0500936328711,0.0524344546494,0.0519662902937,0.0571160982059,0.043539331892,0.0547752764276
89,0.0311419990173,0.0242216316842,0.0380623663504,0.0588234683497,0.0622836520162,0.0553632846832,0.0622836520162,0.0553632846832,0.0346021826839,0.0830447540155,0.041522550017,0.0519031010166,0.0346021826839,0.0692040193493,0.0380623663504,0.0726642030159,0.0588234683497,0.0449827336835,0.0553632846832,0.0276818153508
90,0.0495833336806,0.0566666611111,0.0516666652778,0.0454166704861,0.0533333305556,0.0495833336806,0.053749996875,0.0445833378472,0.0408333409722,0.0491666673611,0.0441666715278,0.0450000041667,0.0512499989583,0.0570833274306,0.0483333347222,0.0454166704861,0.05749999375,0.0524999979167,0.0533333305556,0.0508333326389
91,0.0656634318374,0.0533515640176,0.0451436521378,0.0383037255712,0.0492476080777,0.0492476080777,0.0424076815111,0.0519835787043,0.0588235052708,0.0465116374511,0.0465116374511,0.050615593391,0.050615593391,0.0629274612108,0.0451436521378,0.0451436521378,0.0615594758975,0.0383037255712,0.0547195493309,0.0437756668244
92,0.0666666172841,0.0562962776407,0.0370370754457,0.0666666172841,0.0429629838134,0.0548148005487,0.050370369273,0.0385185525376,0.0459259379972,0.0592592318245,0.0385185525376,0.0518518463649,0.0414815067215,0.0533333234568,0.0370370754457,0.0577777547326,0.0577777547326,0.0518518463649,0.0370370754457,0.0548148005487
93,0.036496448931,0.02554762374,0.0547444909161,0.0474452741221,0.0437956657251,0.0510948825191,0.032846840534,0.0729925329012,0.0620437077102,0.0474452741221,0.040146057328,0.0912405748863,0.0510948825191,0.0656933161072,0.0729925329012,0.0182484069459,0.0474452741221,0.040146057328,0.0547444909161,0.0437956657251
94,0.064875471985,0.0399738008207,0.0465268721797,0.0465268721797,0.0419397222284,0.0471821793156,0.0491481007233,0.0570117863541,0.0550458649464,0.0393184936848,0.0504587149951,0.0563564792182,0.0543905578105,0.0425950293643,0.0465268721797,0.0537352506746,0.0557011720823,0.0570117863541,0.0458715650438,0.0498034078592
95,0.0621642177065,0.0537221738723,0.0506523397508,0.0445126715078,0.0437452129774,0.0552570909331,0.0498848812204,0.0314658764914,0.0452801300382,0.0506523397508,0.052954715342,0.0575594665242,0.0399079203255,0.0475825056293,0.0437452129774,0.0437452129774,0.0583269250546,0.0567920079938,0.059094383585,0.052954715342
96,0.05,0.0517123275943,0.045205482736,0.0506849310377,0.0527397241509,0.0517123275943,0.0462328792925,0.0541095862263,0.0520547931132,0.05,0.0527397241509,0.0486301379246,0.0568493103772,0.0400684999531,0.0489726034434,0.052397258632,0.0513698620754,0.0510273965566,0.0469178103303,0.0465753448114
97,0.0436681259574,0.0576419169479,0.0491994182245,0.051237262744,0.0585152788848,0.0445414878943,0.0491994182245,0.0526928659721,0.048034935642,0.0489082975789,0.0521106246809,0.0489082975789,0.0538573485547,0.0497816595158,0.0518195040352,0.0468704530594,0.0457059704769,0.0500727801614,0.0494905388701,0.0477438149963
98,0.044444466891,0.0464646607488,0.044444466891,0.0565656300379,0.0525252423223,0.0565656300379,0.0505050484645,0.0545454361801,0.0383838853176,0.044444466891,0.0464646607488,0.0464646607488,0.0484848546066,0.0646464054691,0.0565656300379,0.0646464054691,0.0484848546066,0.044444466891,0.0505050484645,0.0404040791754
99,0.0495345747775,0.0531914872397,0.0465425554903,0.044880322553,0.0458776623154,0.0578457394643,0.0525265940648,0.0558510599395,0.055518613352,0.044880322553,0.0515292543024,0.0472074486653,0.0492021281901,0.0472074486653,0.0495345747775,0.0462101089029,0.0465425554903,0.0475398952527,0.0575132928768,0.0508643611274
100,0.0390715751864,0.0483559006918,0.0533849103405,0.0464216662115,0.0483559006918,0.0545454510287,0.0529980634444,0.0572533793011,0.0464216662115,0.0425531972509,0.0487427475878,0.0576402261971,0.0460348193154,0.0491295944839,0.0479690537957,0.0560928386129,0.0471953600036,0.0529980634444,0.0483559006918,0.0564796855089
101,0.0392157391385,0.0465686442714,0.0343138023833,0.0343138023833,0.0343138023833,0.0465686442714,0.0539215494042,0.0588234861594,0.0367647707609,0.0588234861594,0.061274454537,0.0514705810266,0.0588234861594,0.0465686442714,0.0637254229146,0.0784312331802,0.0343138023833,0.0563725177818,0.049019612649,0.0563725177818
102,0.0494923860015,0.0564720784805,0.0507614209977,0.0482233510054,0.0482233510054,0.0488578685034,0.04780033934,0.0516074443285,0.0528764793247,0.0516074443285,0.0503384093323,0.0461082926784,0.0461082926784,0.048434856838,0.0452622693476,0.0507614209977,0.0556260551497,0.050549915165,0.0450507635149,0.0558375609824
103,3.33311112592e-06,3.33311112592e-06,3.33311112592e-06,0.0666655556296,0.0666655556296,0.0333344443704,0.0333344443704,0.0333344443704,3.33311112592e-06,0.0666655556296,0.0666655556296,0.199990000667,0.0666655556296,0.0333344443704,0.0666655556296,0.0666655556296,0.0666655556296,0.0666655556296,3.33311112592e-06,0.0666655556296
104,0.0410305514684,0.0505725179914,0.0448473380776,0.0458015347299,0.0582060912097,0.042938944773,0.0629770744712,0.0543893046006,0.0438931414253,0.0562976979052,0.0572518945575,0.0381679615115,0.0582060912097,0.0458015347299,0.0505725179914,0.0582060912097,0.0458015347299,0.0448473380776,0.0419847481207,0.0582060912097
105,0.0526535707032,0.0493104895023,0.051817800403,0.058921847955,0.0530714558534,0.0509820301028,0.0539072261536,0.0413706716501,0.0513999152529,0.0522356855531,0.048056834052,0.051817800403,0.0509820301028,0.048056834052,0.0501462598025,0.0551608816039,0.0497283746524,0.0434600974007,0.0430422122506,0.0438779825508
106,0.0525173589259,0.055555550733,0.0564236055351,0.0412326464994,0.0494791671188,0.0525173589259,0.0494791671188,0.0486111123167,0.0533854137279,0.0520833315249,0.0494791671188,0.0473090301137,0.0529513863269,0.0507812493218,0.0468750027127,0.0525173589259,0.0442708383066,0.05425346853,0.0481770849157,0.0421007013015
107,0.0546259796988,0.0556102306986,0.0551181051987,0.0511811011997,0.0457677207011,0.0447834697013,0.0501968502,0.0457677207011,0.0472440972007,0.0477362227006,0.0492125992002,0.0472440972007,0.0551181051987,0.0472440972007,0.0511811011997,0.0482283482004,0.0467519717008,0.0536417286991,0.0511811011997,0.0521653521995
108,0.0610168744619,0.0610168744619,0.0610168744619,0.0508474518817,0.0372882217748,0.0271187991946,0.047457644355,0.0440678368282,0.0406780293015,0.0508474518817,0.047457644355,0.0440678368282,0.033898414248,0.0440678368282,0.0372882217748,0.0745761045688,0.0644066819886,0.0779659120955,0.0508474518817,0.0440678368282
109,0.0498331480164,0.0484983321476,0.0498331480164,0.0469410469673,0.0542825342458,0.0473859855902,0.0513904331967,0.0565072273605,0.0527252490655,0.0513904331967,0.0438264766067,0.0498331480164,0.0505005559508,0.049165740082,0.049165740082,0.0471635162787,0.0429365993608,0.0498331480164,0.0542825342458,0.0545050035573
110,0.0501792101849,0.0394265990925,0.0752686360671,0.0322581916976,0.0537634138823,0.0573476175798,0.0537634138823,0.0501792101849,0.0394265990925,0.0394265990925,0.0537634138823,0.0501792101849,0.0501792101849,0.0537634138823,0.0537634138823,0.0430108027899,0.0286739880001,0.0501792101849,0.0537634138823,0.0716844323697
111,0.04595588607,0.0528492620871,0.0487132364768,0.0510110284825,0.0560661708951,0.0510110284825,0.0441176524654,0.0418198604597,0.0546874956916,0.04595588607,0.0454963276688,0.0528492620871,0.0510110284825,0.042738977262,0.0546874956916,0.0487132364768,0.0579044044996,0.0510110284825,0.0519301452848,0.0514705868837
112,0.0517241361824,0.0552738283227,0.0502028395509,0.042089257516,0.0562880260771,0.0329614777267,0.0517241361824,0.0608519159717,0.0517241361824,0.0415821586388,0.0486815429193,0.0502028395509,0.0562880260771,0.0446247519019,0.0613590148489,0.0431034552703,0.0512170373052,0.0507099384281,0.0562880260771,0.0431034552703
113,0.0653059975021,0.0489796001665,0.0489796001665,0.0612243981682,0.0489796001665,0.0571427988343,0.0530611995004,0.0530611995004,0.0448980008326,0.0734691961698,0.032653202831,0.0408164014988,0.0489796001665,0.0530611995004,0.0489796001665,0.0408164014988,0.0367348021649,0.0367348021649,0.0489796001665,0.0571427988343
114,0.0491295944839,0.0460348193154,0.0495164413799,0.0529980634444,0.0468085131075,0.0564796855089,0.0560928386129,0.0526112165484,0.0425531972509,0.049903288276,0.0545454510287,0.0510638289642,0.0518375227563,0.0491295944839,0.0437137379391,0.0491295944839,0.0460348193154,0.0560928386129,0.0541586041326,0.0421663503549
115,0.0628140488877,0.0494137363254,0.0561138926065,0.0536013340011,0.0385259823685,0.0519262949308,0.0502512558605,0.0418760605091,0.0594639707471,0.0552763730714,0.058626451212,0.041038540974,0.0510887753957,0.058626451212,0.0385259823685,0.04690117772,0.0385259823685,0.0485762167903,0.0427135800443,0.0561138926065
116,0.0415542454892,0.0539665364635,0.0420939103142,0.0496492178638,0.0528872068136,0.0507285475137,0.0437129047891,0.0523475419886,0.0469508937389,0.0539665364635,0.0507285475137,0.0566648605884,0.0512682123387,0.0523475419886,0.0512682123387,0.0491095530388,0.0512682123387,0.0507285475137,0.0566648605884,0.0420939103142
117,0.0463768325981,0.0347826969119,0.0376812308334,0.0550724343627,0.0521739004412,0.0550724343627,0.0579709682842,0.0550724343627,0.040579764755,0.0550724343627,0.040579764755,0.0492753665196,0.0666665700489,0.0753621718135,0.0666665700489,0.0434782986765,0.0347826969119,0.0463768325981,0.040579764755,0.0463768325981
118,0.0479591847147,0.0512755095533,0.0451530636974,0.0543367324813,0.0510204076426,0.0482142866254,0.05,0.0528061210173,0.0466836751614,0.0433673503228,0.0505102038213,0.0517857133746,0.0530612229279,0.0512755095533,0.0454081656081,0.0497448980893,0.0510204076426,0.0563775477666,0.0535714267493,0.0464285732507
119,0.0526711773195,0.0458991784813,0.0458991784813,0.0564333988963,0.0534236216349,0.0534236216349,0.0541760659502,0.0541760659502,0.0511662886888,0.0489089557427,0.055680954581,0.036869846697,0.0489089557427,0.0413845125891,0.047404067112,0.0458991784813,0.0541760659502,0.0549285102656,0.0504138443734,0.0481565114274
120,0.0689642093649,0.0344838287015,0.0689642093649,0.0344838287015,0.0344838287015,0.0689642093649,0.103444590028,3.44803806634e-06,0.137924970692,0.0344838287015,3.44803806634e-06,3.44803806634e-06,0.0344838287015,0.103444590028,3.44803806634e-06,0.0344838287015,0.103444590028,0.0344838287015,0.0689642093649,0.0344838287015
121,0.0531914667272,0.0390071701619,0.0425532443032,0.0425532443032,0.0460993184446,0.0496453925859,0.0319150218793,0.0602836150098,0.0780139857164,0.0531914667272,0.0319150218793,0.0531914667272,0.0567375408685,0.0460993184446,0.0496453925859,0.0496453925859,0.0390071701619,0.0567375408685,0.0460993184446,0.0744679115751
122,0.0472973046019,0.0472973046019,0.0621621292915,0.0418919138056,0.0635134769906,0.0527026953981,0.05,0.0554053907962,0.0418919138056,0.0648648246897,0.0581080861944,0.0486486523009,0.05,0.0391892184075,0.0378378707085,0.0567567384953,0.0527026953981,0.0351351753103,0.0459459569028,0.0486486523009
123,0.0489690726964,0.0484536090445,0.0523195864332,0.0479381453927,0.0515463909555,0.0507731954777,0.0492268045223,0.0479381453927,0.0476804135668,0.0497422681741,0.0515463909555,0.047164949915,0.0523195864332,0.0399484587895,0.0515463909555,0.05,0.0548969046923,0.0546391728664,0.05,0.0533505137368
124,0.0531335064482,0.0585830828799,0.0640326593116,0.0367847771532,0.0326975948294,0.0476839300165,0.0531335064482,0.0504087182324,0.0531335064482,0.0544959005561,0.0354223830453,0.0544959005561,0.0517711123403,0.0449591418007,0.0476839300165,0.0626702652036,0.0517711123403,0.0613078710957,0.0381471712611,0.0476839300165
